[[1152045100206657166901633758697557372115965037386116222356883054773696397005705750249852979016557650467229987772307384571 0 0 0 0 0 0 0 0 0 0 0 0 0 0 0 0 0 0 0 0 0 0 0 0 0 0 0 0 0 0 0 0 0 0 0 0 0 0 0]
[365051492158216215954517029856420344967025970713816317969390810267839604182401095937311287597421154590239847334553349262 1 0 0 0 0 0 0 0 0 0 0 0 0 0 0 0 0 0 0 0 0 0 0 0 0 0 0 0 0 0 0 0 0 0 0 0 0 0 0]
[829164414864159019429442451469649103248887983302269115983543938547014540696909774873375888723924986807598361078662868547 0 1 0 0 0 0 0 0 0 0 0 0 0 0 0 0 0 0 0 0 0 0 0 0 0 0 0 0 0 0 0 0 0 0 0 0 0 0 0]
[915776598530188001845458053131252831861885876150219033348255163738359869136044448539036862945168590154497460364407560223 0 0 1 0 0 0 0 0 0 0 0 0 0 0 0 0 0 0 0 0 0 0 0 0 0 0 0 0 0 0 0 0 0 0 0 0 0 0 0]
[877087444597043551505628286950463973953821295649701064921754618101650113920351555253427561275604320474081743833191361943 0 0 0 1 0 0 0 0 0 0 0 0 0 0 0 0 0 0 0 0 0 0 0 0 0 0 0 0 0 0 0 0 0 0 0 0 0 0 0]
[471195056983981985299015801352390279770047494338547101012298773572471075932688615700346108407397787372959098527663410136 0 0 0 0 1 0 0 0 0 0 0 0 0 0 0 0 0 0 0 0 0 0 0 0 0 0 0 0 0 0 0 0 0 0 0 0 0 0 0]
[436687774902060712593433300957757333659836859107769028597277048599316333464102068761324464615349474580179856197793447765 0 0 0 0 0 1 0 0 0 0 0 0 0 0 0 0 0 0 0 0 0 0 0 0 0 0 0 0 0 0 0 0 0 0 0 0 0 0 0]
[431892306992114821963693949763298724875918825402650813220443636778132064608388558202426367689193870802067764714725977716 0 0 0 0 0 0 1 0 0 0 0 0 0 0 0 0 0 0 0 0 0 0 0 0 0 0 0 0 0 0 0 0 0 0 0 0 0 0 0]
[47630985042383369649146665709021603898232281669018843868946197306961817312141331304204646913949312074763779837712009907 0 0 0 0 0 0 0 1 0 0 0 0 0 0 0 0 0 0 0 0 0 0 0 0 0 0 0 0 0 0 0 0 0 0 0 0 0 0 0]
[80201215803144735456276977996853412403295853677435532927164932061291989508751815863547910635376301978505648485904727562 0 0 0 0 0 0 0 0 1 0 0 0 0 0 0 0 0 0 0 0 0 0 0 0 0 0 0 0 0 0 0 0 0 0 0 0 0 0 0]
[890378586388282290757855731789223971106440001327939191882535716368125060712609351034958749620232908355571770373333646876 0 0 0 0 0 0 0 0 0 1 0 0 0 0 0 0 0 0 0 0 0 0 0 0 0 0 0 0 0 0 0 0 0 0 0 0 0 0 0]
[468921004781247342709794562774471427819257853228864103760355542751532367282377699669487436324160062563326830529535790416 0 0 0 0 0 0 0 0 0 0 1 0 0 0 0 0 0 0 0 0 0 0 0 0 0 0 0 0 0 0 0 0 0 0 0 0 0 0 0]
[562746310324371726688984502828620097069209095845480088005912318506557887237451859073682763233134544015526737803111319842 0 0 0 0 0 0 0 0 0 0 0 1 0 0 0 0 0 0 0 0 0 0 0 0 0 0 0 0 0 0 0 0 0 0 0 0 0 0 0]
[102684894992696911207099749618919949811334172307398874349151362268669971627928392653312421467083466913640187535908650174 0 0 0 0 0 0 0 0 0 0 0 0 1 0 0 0 0 0 0 0 0 0 0 0 0 0 0 0 0 0 0 0 0 0 0 0 0 0 0]
[920132148759634233590278843443995083625994807597013339213634469386662207131631609067119040831751471593120895863874138631 0 0 0 0 0 0 0 0 0 0 0 0 0 1 0 0 0 0 0 0 0 0 0 0 0 0 0 0 0 0 0 0 0 0 0 0 0 0 0]
[1104031653575816670782907969023014674924041229128183233976055946418471052499974581183823653171447234040334044703719568493 0 0 0 0 0 0 0 0 0 0 0 0 0 0 1 0 0 0 0 0 0 0 0 0 0 0 0 0 0 0 0 0 0 0 0 0 0 0 0]
[428861474718371269315443989389468171860636021687636829076441036744851643832293378595659034850729530833421409420137622532 0 0 0 0 0 0 0 0 0 0 0 0 0 0 0 1 0 0 0 0 0 0 0 0 0 0 0 0 0 0 0 0 0 0 0 0 0 0 0]
[487138978336338800603178671266857443488274219893492121661117620016109291376252173212431720360866523832429134577477375424 0 0 0 0 0 0 0 0 0 0 0 0 0 0 0 0 1 0 0 0 0 0 0 0 0 0 0 0 0 0 0 0 0 0 0 0 0 0 0]
[562922875816178080417109439247419241646867145417149586321815683442940395598379389531064836125191944762241492245799757739 0 0 0 0 0 0 0 0 0 0 0 0 0 0 0 0 0 1 0 0 0 0 0 0 0 0 0 0 0 0 0 0 0 0 0 0 0 0 0]
[603637484271484586607751949355765475591162963242844058621152660128414238056935334729616922585720783042012152320530807633 0 0 0 0 0 0 0 0 0 0 0 0 0 0 0 0 0 0 1 0 0 0 0 0 0 0 0 0 0 0 0 0 0 0 0 0 0 0 0]
[24407387672999595956605008972110074757003067893152015841142361977733172773599049052682095659344548771637117893127658269 0 0 0 0 0 0 0 0 0 0 0 0 0 0 0 0 0 0 0 1 0 0 0 0 0 0 0 0 0 0 0 0 0 0 0 0 0 0 0]
[517337475451768666232478345956527413711754137332796266081200531733290373183727730726017751201895856010208354314825393343 0 0 0 0 0 0 0 0 0 0 0 0 0 0 0 0 0 0 0 0 1 0 0 0 0 0 0 0 0 0 0 0 0 0 0 0 0 0 0]
[47219811498528827292786205416403256401155609088625588603427105147330006923094853901490872853167640295624958007644202314 0 0 0 0 0 0 0 0 0 0 0 0 0 0 0 0 0 0 0 0 0 1 0 0 0 0 0 0 0 0 0 0 0 0 0 0 0 0 0]
[188857951510622050181245947363550763511400957319138266100748993168287362669784584771136874527103855554070138464681211360 0 0 0 0 0 0 0 0 0 0 0 0 0 0 0 0 0 0 0 0 0 0 1 0 0 0 0 0 0 0 0 0 0 0 0 0 0 0 0]
[1000952818963429337101342034404733646274792303253040995542307688990497152105395068806767182535737243180865450477090274412 0 0 0 0 0 0 0 0 0 0 0 0 0 0 0 0 0 0 0 0 0 0 0 1 0 0 0 0 0 0 0 0 0 0 0 0 0 0 0]
[545415301750310695291326352094843828500588411611310606118489618349294310464323377363888196521898576420235780810738440215 0 0 0 0 0 0 0 0 0 0 0 0 0 0 0 0 0 0 0 0 0 0 0 0 1 0 0 0 0 0 0 0 0 0 0 0 0 0 0]
[1101177593688627551311303413175905176298412125535354727025197319709186284737999487470342987959322466967055802484759837956 0 0 0 0 0 0 0 0 0 0 0 0 0 0 0 0 0 0 0 0 0 0 0 0 0 1 0 0 0 0 0 0 0 0 0 0 0 0 0]
[721975377166149644602099072194705451479949648528519801079934068289740894761314360152700228457470792274149638588234432453 0 0 0 0 0 0 0 0 0 0 0 0 0 0 0 0 0 0 0 0 0 0 0 0 0 0 1 0 0 0 0 0 0 0 0 0 0 0 0]
[1123875900015058339036481267951669168399928866555683736421505659380711130888393091747664112061436985543460110316478636026 0 0 0 0 0 0 0 0 0 0 0 0 0 0 0 0 0 0 0 0 0 0 0 0 0 0 0 1 0 0 0 0 0 0 0 0 0 0 0]
[40477213034672456488723015603183295850198377722609520036359418129559295251672742514345494620334922252897302932443848246 0 0 0 0 0 0 0 0 0 0 0 0 0 0 0 0 0 0 0 0 0 0 0 0 0 0 0 0 1 0 0 0 0 0 0 0 0 0 0]
[799125570585138759819790647927893314122370999363330462480578038269296246700861999768376691002507138294988384203975000702 0 0 0 0 0 0 0 0 0 0 0 0 0 0 0 0 0 0 0 0 0 0 0 0 0 0 0 0 0 1 0 0 0 0 0 0 0 0 0]
[188607627013637401572551340860033258713784188305004584593824992151532882895105186135715543885150312810335772786287209523 0 0 0 0 0 0 0 0 0 0 0 0 0 0 0 0 0 0 0 0 0 0 0 0 0 0 0 0 0 0 1 0 0 0 0 0 0 0 0]
[371723021956210245322187851829032139468696225741657237625460989729570057637543600773197858432969220103633242092385695643 0 0 0 0 0 0 0 0 0 0 0 0 0 0 0 0 0 0 0 0 0 0 0 0 0 0 0 0 0 0 0 1 0 0 0 0 0 0 0]
[350239907691701803007920404659503759516679202585421484256718928952475324500732118361172907690684101667835172417795541802 0 0 0 0 0 0 0 0 0 0 0 0 0 0 0 0 0 0 0 0 0 0 0 0 0 0 0 0 0 0 0 0 1 0 0 0 0 0 0]
[571900946667273557883055942477438552697239839922203223289446271115776964898623110921729172217641358581604915679952319658 0 0 0 0 0 0 0 0 0 0 0 0 0 0 0 0 0 0 0 0 0 0 0 0 0 0 0 0 0 0 0 0 0 1 0 0 0 0 0]
[1119879381601833686150881372991744981493400472549318859578242790669333133114001332354241626895063287627159713411011993095 0 0 0 0 0 0 0 0 0 0 0 0 0 0 0 0 0 0 0 0 0 0 0 0 0 0 0 0 0 0 0 0 0 0 1 0 0 0 0]
[68228758640525588372768400701769765834017520331345674981579273587053318589860878214574604367899367378170596699482450185 0 0 0 0 0 0 0 0 0 0 0 0 0 0 0 0 0 0 0 0 0 0 0 0 0 0 0 0 0 0 0 0 0 0 0 1 0 0 0]
[712519521280198328509349897325064570122660272969258114519453114622434775692593614149603995741713706723921039699737949747 0 0 0 0 0 0 0 0 0 0 0 0 0 0 0 0 0 0 0 0 0 0 0 0 0 0 0 0 0 0 0 0 0 0 0 0 1 0 0]
[169044224112658700330367613415254727107559654338629300478246504024210597455923399585164730621397253166612036460199435619 0 0 0 0 0 0 0 0 0 0 0 0 0 0 0 0 0 0 0 0 0 0 0 0 0 0 0 0 0 0 0 0 0 0 0 0 0 1 0]
[258983099788141425000930382297329453369037785922399392572531878376170154484982497980443016617664852347684262950342950907 0 0 0 0 0 0 0 0 0 0 0 0 0 0 0 0 0 0 0 0 0 0 0 0 0 0 0 0 0 0 0 0 0 0 0 0 0 0 1]]
