[[708644179017273327275958686494620861902779423466132095121264115544599388901243948004532919731207502988617294569841817504480093711821242730763881231539360278763 0 0 0 0 0 0 0 0 0 0 0 0 0 0 0 0 0 0 0 0 0 0 0 0 0 0 0 0 0 0 0 0 0 0 0 0 0 0 0 0 0 0 0 0 0 0 0 0 0 0 0 0]
[698262830409229113307765529981451853217650237377814884481997813834993962042955319156679552564393641425903929910711823975954092549766806396014828161147560618324 1 0 0 0 0 0 0 0 0 0 0 0 0 0 0 0 0 0 0 0 0 0 0 0 0 0 0 0 0 0 0 0 0 0 0 0 0 0 0 0 0 0 0 0 0 0 0 0 0 0 0 0]
[638819153540130112473712582269222880577119715365704823116898040553306649717769558258569916060859839164873686346975345165476741212628234388220687033677522342892 0 1 0 0 0 0 0 0 0 0 0 0 0 0 0 0 0 0 0 0 0 0 0 0 0 0 0 0 0 0 0 0 0 0 0 0 0 0 0 0 0 0 0 0 0 0 0 0 0 0 0 0]
[184405330882416079011604574106177445833960171372688804304527011588622064736672168680106796667406608779190625192600378196666600681026556869478440019430517630709 0 0 1 0 0 0 0 0 0 0 0 0 0 0 0 0 0 0 0 0 0 0 0 0 0 0 0 0 0 0 0 0 0 0 0 0 0 0 0 0 0 0 0 0 0 0 0 0 0 0 0 0]
[584800941023841859596699525925890264316837617732073243696225372427936850174439300632038326574783406470621552860088087810448760983194291751524804496021102822183 0 0 0 1 0 0 0 0 0 0 0 0 0 0 0 0 0 0 0 0 0 0 0 0 0 0 0 0 0 0 0 0 0 0 0 0 0 0 0 0 0 0 0 0 0 0 0 0 0 0 0 0]
[652298260839627576642706619103151845823318999202758584097652118854708789066063565740961908697223123509221807839930242100757572530179679274473966077755522693832 0 0 0 0 1 0 0 0 0 0 0 0 0 0 0 0 0 0 0 0 0 0 0 0 0 0 0 0 0 0 0 0 0 0 0 0 0 0 0 0 0 0 0 0 0 0 0 0 0 0 0 0]
[143981559640219677768142269211929452907994552606387813848446976450916512957767109532473330077007974565942671328930406399027266613518151448894982627541148237360 0 0 0 0 0 1 0 0 0 0 0 0 0 0 0 0 0 0 0 0 0 0 0 0 0 0 0 0 0 0 0 0 0 0 0 0 0 0 0 0 0 0 0 0 0 0 0 0 0 0 0 0]
[698820224304674329916081854523193396085700096566228670735630077602536436468495271539777959036340328860415699056940547624466907849980202143822342368926928191673 0 0 0 0 0 0 1 0 0 0 0 0 0 0 0 0 0 0 0 0 0 0 0 0 0 0 0 0 0 0 0 0 0 0 0 0 0 0 0 0 0 0 0 0 0 0 0 0 0 0 0 0]
[191492646453202160971043272807697765500305414355548489501057472263520917171072050514086897374738118814582269140743344436662943106229140891819572445977763314120 0 0 0 0 0 0 0 1 0 0 0 0 0 0 0 0 0 0 0 0 0 0 0 0 0 0 0 0 0 0 0 0 0 0 0 0 0 0 0 0 0 0 0 0 0 0 0 0 0 0 0 0]
[172915642055357219553263011863314065022735132999201530683928825283883145565556114917461611872609570830962924546809273283079632360373896365874472611885566639294 0 0 0 0 0 0 0 0 1 0 0 0 0 0 0 0 0 0 0 0 0 0 0 0 0 0 0 0 0 0 0 0 0 0 0 0 0 0 0 0 0 0 0 0 0 0 0 0 0 0 0 0]
[587074630022774374091909721621701165220685201108134176975327859273077584828231221549062790863181393898837108068951105508438815940357647902616914934156334140082 0 0 0 0 0 0 0 0 0 1 0 0 0 0 0 0 0 0 0 0 0 0 0 0 0 0 0 0 0 0 0 0 0 0 0 0 0 0 0 0 0 0 0 0 0 0 0 0 0 0 0 0]
[107803131912000483073876666552033794012879333481285022599243194688028602967486178255330799010882837072289128408627189998129012999948662118885614615767889783428 0 0 0 0 0 0 0 0 0 0 1 0 0 0 0 0 0 0 0 0 0 0 0 0 0 0 0 0 0 0 0 0 0 0 0 0 0 0 0 0 0 0 0 0 0 0 0 0 0 0 0 0]
[313647114673200544508897087333441913360789316338705394643624555675869521934483200220621038079059469191120718938508294248282835339149286188362270711525283061090 0 0 0 0 0 0 0 0 0 0 0 1 0 0 0 0 0 0 0 0 0 0 0 0 0 0 0 0 0 0 0 0 0 0 0 0 0 0 0 0 0 0 0 0 0 0 0 0 0 0 0 0]
[664630894490566921324860139379996532933573006928847689182415771111384802423757991015977242785769779580918569471204107142096326289606579734279920303966978284958 0 0 0 0 0 0 0 0 0 0 0 0 1 0 0 0 0 0 0 0 0 0 0 0 0 0 0 0 0 0 0 0 0 0 0 0 0 0 0 0 0 0 0 0 0 0 0 0 0 0 0 0]
[132548881814382270253978408986666601736562428638906818832717282140500733992457842188103594121030916118135038265150918766025711641699778553601442684603119686439 0 0 0 0 0 0 0 0 0 0 0 0 0 1 0 0 0 0 0 0 0 0 0 0 0 0 0 0 0 0 0 0 0 0 0 0 0 0 0 0 0 0 0 0 0 0 0 0 0 0 0 0]
[189246581397122021247792857986064033755476729540364478936962645713418262556767861499237096542793142518116128432906000799313641881780897507404552591782103565054 0 0 0 0 0 0 0 0 0 0 0 0 0 0 1 0 0 0 0 0 0 0 0 0 0 0 0 0 0 0 0 0 0 0 0 0 0 0 0 0 0 0 0 0 0 0 0 0 0 0 0 0]
[427074915215857285759485073113591731792108797605996572030175646102231413003175014817888195915640932242146692989051417402278366360636458719774026946174585089107 0 0 0 0 0 0 0 0 0 0 0 0 0 0 0 1 0 0 0 0 0 0 0 0 0 0 0 0 0 0 0 0 0 0 0 0 0 0 0 0 0 0 0 0 0 0 0 0 0 0 0 0]
[373194427441117023261410964898825605159009333039637513521232193250399803340781632857708243851118183333937028289977382829782114828230727447718357803645712739592 0 0 0 0 0 0 0 0 0 0 0 0 0 0 0 0 1 0 0 0 0 0 0 0 0 0 0 0 0 0 0 0 0 0 0 0 0 0 0 0 0 0 0 0 0 0 0 0 0 0 0 0]
[601071165271817516426749293417459524021719700732075546986816790105688356113143809467887673277865345038337572689313639946121779114782486259683791252801410407268 0 0 0 0 0 0 0 0 0 0 0 0 0 0 0 0 0 1 0 0 0 0 0 0 0 0 0 0 0 0 0 0 0 0 0 0 0 0 0 0 0 0 0 0 0 0 0 0 0 0 0 0]
[685022540449093692439887258291649098313644185144175214468924448686055429033105502567144249927153568148828885543442887419891122416144093723027717113878340002373 0 0 0 0 0 0 0 0 0 0 0 0 0 0 0 0 0 0 1 0 0 0 0 0 0 0 0 0 0 0 0 0 0 0 0 0 0 0 0 0 0 0 0 0 0 0 0 0 0 0 0 0]
[565531787391151146567488695264441966273598639527744156152934255268200492883833338224914455160567047384411199465684823029387445387628527925750297303606834995194 0 0 0 0 0 0 0 0 0 0 0 0 0 0 0 0 0 0 0 1 0 0 0 0 0 0 0 0 0 0 0 0 0 0 0 0 0 0 0 0 0 0 0 0 0 0 0 0 0 0 0 0]
[562006361353835856404104465790437135271275709413388263807986546423988823795896065978011348528655972915850231515526530185272586257823320743318808906485091442763 0 0 0 0 0 0 0 0 0 0 0 0 0 0 0 0 0 0 0 0 1 0 0 0 0 0 0 0 0 0 0 0 0 0 0 0 0 0 0 0 0 0 0 0 0 0 0 0 0 0 0 0]
[288375033036745402950234831381565736722362866532289472715232387747106338157763664962646832930243908168573307277314555159085630419237772171581426859989998342834 0 0 0 0 0 0 0 0 0 0 0 0 0 0 0 0 0 0 0 0 0 1 0 0 0 0 0 0 0 0 0 0 0 0 0 0 0 0 0 0 0 0 0 0 0 0 0 0 0 0 0 0]
[192154003498296042267204828297806016905833270459286334070335334695286056146191175873197993782061168408286193713522556223227077238642361682310859825656603373574 0 0 0 0 0 0 0 0 0 0 0 0 0 0 0 0 0 0 0 0 0 0 1 0 0 0 0 0 0 0 0 0 0 0 0 0 0 0 0 0 0 0 0 0 0 0 0 0 0 0 0 0]
[169065994218669348076545482394819972342594125059024807568455281376590867336494251612444047631664857998669193622964440922920919058787939778545870098409368163168 0 0 0 0 0 0 0 0 0 0 0 0 0 0 0 0 0 0 0 0 0 0 0 1 0 0 0 0 0 0 0 0 0 0 0 0 0 0 0 0 0 0 0 0 0 0 0 0 0 0 0 0]
[417477685432645975060216148218166358564044252055694533620180432896145788379883539740922484212878934409023301260224350158570879103665738931443294258677466540714 0 0 0 0 0 0 0 0 0 0 0 0 0 0 0 0 0 0 0 0 0 0 0 0 1 0 0 0 0 0 0 0 0 0 0 0 0 0 0 0 0 0 0 0 0 0 0 0 0 0 0 0]
[587258655648667955143033954987370391482659305832005697880623686851583528905081423039867722345456822924106676027230677658663641481290597009805813396150498071872 0 0 0 0 0 0 0 0 0 0 0 0 0 0 0 0 0 0 0 0 0 0 0 0 0 1 0 0 0 0 0 0 0 0 0 0 0 0 0 0 0 0 0 0 0 0 0 0 0 0 0 0]
[511545174265914201958382728868274677605981327403178094505932295046735727702273746157203946608448728269217827826898097738145791790107287141250386138430002209643 0 0 0 0 0 0 0 0 0 0 0 0 0 0 0 0 0 0 0 0 0 0 0 0 0 0 1 0 0 0 0 0 0 0 0 0 0 0 0 0 0 0 0 0 0 0 0 0 0 0 0 0]
[667744513171810523330005153960677975751900503527642383400228343190601750884979464412190922859061202861432117708473446341299261209315610987457638050640657093613 0 0 0 0 0 0 0 0 0 0 0 0 0 0 0 0 0 0 0 0 0 0 0 0 0 0 0 1 0 0 0 0 0 0 0 0 0 0 0 0 0 0 0 0 0 0 0 0 0 0 0 0]
[14409245574422721665532496969766437787752854082632582703361422451161061688235737351954653364694740212947926507094110622666792690509863491374719682365613766408 0 0 0 0 0 0 0 0 0 0 0 0 0 0 0 0 0 0 0 0 0 0 0 0 0 0 0 0 1 0 0 0 0 0 0 0 0 0 0 0 0 0 0 0 0 0 0 0 0 0 0 0]
[42682704402801501322345948003346355135666086672265106521804195045541400690920776838485370049651438558173424050815215612534827882992415065710531498979782833944 0 0 0 0 0 0 0 0 0 0 0 0 0 0 0 0 0 0 0 0 0 0 0 0 0 0 0 0 0 1 0 0 0 0 0 0 0 0 0 0 0 0 0 0 0 0 0 0 0 0 0 0]
[158569867158885873680093996310927307447934284756421543877258836719729633526150054971659013632303498985599692714373450062639572479057297014348121108233307989989 0 0 0 0 0 0 0 0 0 0 0 0 0 0 0 0 0 0 0 0 0 0 0 0 0 0 0 0 0 0 1 0 0 0 0 0 0 0 0 0 0 0 0 0 0 0 0 0 0 0 0 0]
[271644726238471992499855566895658134701314971103279536276426961899581436066099403899701690878353453403187725594703859465025400677712217917894014652071939807590 0 0 0 0 0 0 0 0 0 0 0 0 0 0 0 0 0 0 0 0 0 0 0 0 0 0 0 0 0 0 0 1 0 0 0 0 0 0 0 0 0 0 0 0 0 0 0 0 0 0 0 0]
[252537855828833711959285959548995225425823207926247747441570562858442488366951956116457416970745210175989425083534560904632830477342190352457581345358556445398 0 0 0 0 0 0 0 0 0 0 0 0 0 0 0 0 0 0 0 0 0 0 0 0 0 0 0 0 0 0 0 0 1 0 0 0 0 0 0 0 0 0 0 0 0 0 0 0 0 0 0 0]
[396393471130200944726887528488670505168807221513640017861227928571766711858765543240940824008579491957209880501656077386819430710905333621498987663998372733907 0 0 0 0 0 0 0 0 0 0 0 0 0 0 0 0 0 0 0 0 0 0 0 0 0 0 0 0 0 0 0 0 0 1 0 0 0 0 0 0 0 0 0 0 0 0 0 0 0 0 0 0]
[463272903474440704574850021705674115822699200958751864195927530344668711375588145734553325290463651504295031180164850658515283080210143057536192550126799947559 0 0 0 0 0 0 0 0 0 0 0 0 0 0 0 0 0 0 0 0 0 0 0 0 0 0 0 0 0 0 0 0 0 0 1 0 0 0 0 0 0 0 0 0 0 0 0 0 0 0 0 0]
[351961089578435266572993233398606654062847310486078152801779414457443136007226970131540417909481032568784905632018939184886585479865232394510796472767380546588 0 0 0 0 0 0 0 0 0 0 0 0 0 0 0 0 0 0 0 0 0 0 0 0 0 0 0 0 0 0 0 0 0 0 0 1 0 0 0 0 0 0 0 0 0 0 0 0 0 0 0 0]
[262673829486710028309443293495032997057834665259661999478477829345734292129037488199423470461156763846120433236718967054539764263429742883464581681899162909955 0 0 0 0 0 0 0 0 0 0 0 0 0 0 0 0 0 0 0 0 0 0 0 0 0 0 0 0 0 0 0 0 0 0 0 0 1 0 0 0 0 0 0 0 0 0 0 0 0 0 0 0]
[259715991047739392407864982904110990862358262623222149946793011293348440235768397751325201195467727781751229204816969667014910610770637460844725307215697181236 0 0 0 0 0 0 0 0 0 0 0 0 0 0 0 0 0 0 0 0 0 0 0 0 0 0 0 0 0 0 0 0 0 0 0 0 0 1 0 0 0 0 0 0 0 0 0 0 0 0 0 0]
[316788664227247519450284475411720944539309544493361201977303940679413086223444429058707131279972624842176196496386773953388186471012400675864431672504624875554 0 0 0 0 0 0 0 0 0 0 0 0 0 0 0 0 0 0 0 0 0 0 0 0 0 0 0 0 0 0 0 0 0 0 0 0 0 0 1 0 0 0 0 0 0 0 0 0 0 0 0 0]
[197941162535161424791827633751103247756429212306095170929876206615200420905420616241419540877810159000356138169211364006531207457010164215012642999020983346057 0 0 0 0 0 0 0 0 0 0 0 0 0 0 0 0 0 0 0 0 0 0 0 0 0 0 0 0 0 0 0 0 0 0 0 0 0 0 0 1 0 0 0 0 0 0 0 0 0 0 0 0]
[98701498856985539466177433635535217072533106687890919339749553542048089125196284566176625047305833069889005291719778918783565417978994037104612448222772781790 0 0 0 0 0 0 0 0 0 0 0 0 0 0 0 0 0 0 0 0 0 0 0 0 0 0 0 0 0 0 0 0 0 0 0 0 0 0 0 0 1 0 0 0 0 0 0 0 0 0 0 0]
[456324698567447852409006309511915038131944217474753691581831241450038164937462506087381926264654292710136810883244058614589292180139899234690551920355916572612 0 0 0 0 0 0 0 0 0 0 0 0 0 0 0 0 0 0 0 0 0 0 0 0 0 0 0 0 0 0 0 0 0 0 0 0 0 0 0 0 0 1 0 0 0 0 0 0 0 0 0 0]
[420949622592572226133647694288376315274446311503078548760765385893168961659678642750842067422304147517450777000355241584662035937280137124857753520594899718025 0 0 0 0 0 0 0 0 0 0 0 0 0 0 0 0 0 0 0 0 0 0 0 0 0 0 0 0 0 0 0 0 0 0 0 0 0 0 0 0 0 0 1 0 0 0 0 0 0 0 0 0]
[373647135020458664552594941569016810434235648277202960713286237216455478359822473799292715047580704364207665356807246302997657152019582421432764441377304083476 0 0 0 0 0 0 0 0 0 0 0 0 0 0 0 0 0 0 0 0 0 0 0 0 0 0 0 0 0 0 0 0 0 0 0 0 0 0 0 0 0 0 0 1 0 0 0 0 0 0 0 0]
[114451556362402525538114488650356812223320121281519334232340666142884980193038475775542383211319446354072284767209886165226881309060304355474594300478895578787 0 0 0 0 0 0 0 0 0 0 0 0 0 0 0 0 0 0 0 0 0 0 0 0 0 0 0 0 0 0 0 0 0 0 0 0 0 0 0 0 0 0 0 0 1 0 0 0 0 0 0 0]
[297842921201108320504075795622425187100639421525037570620946246387284553199940812915606260545236721829341349707628359735035541341687340586723652028474932627812 0 0 0 0 0 0 0 0 0 0 0 0 0 0 0 0 0 0 0 0 0 0 0 0 0 0 0 0 0 0 0 0 0 0 0 0 0 0 0 0 0 0 0 0 0 1 0 0 0 0 0 0]
[656308869769726684767221676680693595920476367715264906888288754449719247180079456077386845695338616477526295968104204051258544305602250957016773898788852768942 0 0 0 0 0 0 0 0 0 0 0 0 0 0 0 0 0 0 0 0 0 0 0 0 0 0 0 0 0 0 0 0 0 0 0 0 0 0 0 0 0 0 0 0 0 0 1 0 0 0 0 0]
[88337108925851974689347454981210710183819713481342297439608396246759959866755309820750795987382836344446014674246211152129231392284249505854922706956609388674 0 0 0 0 0 0 0 0 0 0 0 0 0 0 0 0 0 0 0 0 0 0 0 0 0 0 0 0 0 0 0 0 0 0 0 0 0 0 0 0 0 0 0 0 0 0 0 1 0 0 0 0]
[474338288283585499992655605564852018406473732967421711571200199444298383763076804630175793470227355163659874431541904364685628563446558925610101000650998524365 0 0 0 0 0 0 0 0 0 0 0 0 0 0 0 0 0 0 0 0 0 0 0 0 0 0 0 0 0 0 0 0 0 0 0 0 0 0 0 0 0 0 0 0 0 0 0 0 1 0 0 0]
[510928422376313791914446025533570378301957759703616187670438805151955049280132108272802751358124331134972156049251011000304437270351998911766793605134895407475 0 0 0 0 0 0 0 0 0 0 0 0 0 0 0 0 0 0 0 0 0 0 0 0 0 0 0 0 0 0 0 0 0 0 0 0 0 0 0 0 0 0 0 0 0 0 0 0 0 1 0 0]
[561016989223813852853410038155265537617803881077711043651513490804447695467892337568274434350452928009617721735049919646133865203314472169199745527192902361487 0 0 0 0 0 0 0 0 0 0 0 0 0 0 0 0 0 0 0 0 0 0 0 0 0 0 0 0 0 0 0 0 0 0 0 0 0 0 0 0 0 0 0 0 0 0 0 0 0 0 1 0]
[464565670282908133568200571074188780117571964933781936486626106011802689407432626902505220367441116384241994171413465584708090492707899060122230987052835441723 0 0 0 0 0 0 0 0 0 0 0 0 0 0 0 0 0 0 0 0 0 0 0 0 0 0 0 0 0 0 0 0 0 0 0 0 0 0 0 0 0 0 0 0 0 0 0 0 0 0 0 1]]
