[[2729621754520409776994921605700509486310215096635522202211999095883488215722846877362761398561983004835449494999974697126442614734902770074664582326504073333913200981 0 0 0 0 0 0 0 0 0 0 0 0 0 0 0 0 0 0 0 0 0 0 0 0 0 0 0 0 0 0 0 0 0 0 0 0 0 0 0 0 0 0 0 0 0 0 0 0 0 0 0 0 0 0]
[1585888573849922295563524366759958950402917319887624206100395470833537643453632909703875769144423087668523345555426310874435742318144465950569436269001249991597623575 1 0 0 0 0 0 0 0 0 0 0 0 0 0 0 0 0 0 0 0 0 0 0 0 0 0 0 0 0 0 0 0 0 0 0 0 0 0 0 0 0 0 0 0 0 0 0 0 0 0 0 0 0 0]
[1190829709326574890952846048829844291253580344171954531613242013211405760061904367942326265202465847562353722650471864267710280769278096214187256510714135256181015616 0 1 0 0 0 0 0 0 0 0 0 0 0 0 0 0 0 0 0 0 0 0 0 0 0 0 0 0 0 0 0 0 0 0 0 0 0 0 0 0 0 0 0 0 0 0 0 0 0 0 0 0 0 0]
[171300683163071164087141386541503960743427391082945410662535573690860415250367416149163679690542842071164232601521757338599702023985573385043636038628465634498463026 0 0 1 0 0 0 0 0 0 0 0 0 0 0 0 0 0 0 0 0 0 0 0 0 0 0 0 0 0 0 0 0 0 0 0 0 0 0 0 0 0 0 0 0 0 0 0 0 0 0 0 0 0 0]
[2307543318467065412029928110454219237452990772148113021121735730379920308922190622236024800163356832912102107885249954524615643612149048602104315231489917741099139260 0 0 0 1 0 0 0 0 0 0 0 0 0 0 0 0 0 0 0 0 0 0 0 0 0 0 0 0 0 0 0 0 0 0 0 0 0 0 0 0 0 0 0 0 0 0 0 0 0 0 0 0 0 0]
[226822753535433112071106151838226619256841009346144388960019066519439413771078214113157759543774410486723614543318339689319017151272131101718348811207469024393215235 0 0 0 0 1 0 0 0 0 0 0 0 0 0 0 0 0 0 0 0 0 0 0 0 0 0 0 0 0 0 0 0 0 0 0 0 0 0 0 0 0 0 0 0 0 0 0 0 0 0 0 0 0 0]
[496023405126730379833227546266177556689617492817463422352027463372561705157856501517187312151567143298366949802367759443726204251979726834728682979993082587627147510 0 0 0 0 0 1 0 0 0 0 0 0 0 0 0 0 0 0 0 0 0 0 0 0 0 0 0 0 0 0 0 0 0 0 0 0 0 0 0 0 0 0 0 0 0 0 0 0 0 0 0 0 0 0]
[2638931554282788515632451922999743343706690900036554204837320315120612776737401399788933323565650437887699480722415371501846899400127204851695830219738962332140457631 0 0 0 0 0 0 1 0 0 0 0 0 0 0 0 0 0 0 0 0 0 0 0 0 0 0 0 0 0 0 0 0 0 0 0 0 0 0 0 0 0 0 0 0 0 0 0 0 0 0 0 0 0 0]
[2653734941386911110606556537580146980308818727321675735877073730859603141228161228836548788398703050275803103123240061873151779179786087956144611437557370718432360562 0 0 0 0 0 0 0 1 0 0 0 0 0 0 0 0 0 0 0 0 0 0 0 0 0 0 0 0 0 0 0 0 0 0 0 0 0 0 0 0 0 0 0 0 0 0 0 0 0 0 0 0 0 0]
[1416645474870068531191592935519077096187853850342459758113506995982990945383340934572396120511151842891262797892782746758743677913429603155730300499006300704366932487 0 0 0 0 0 0 0 0 1 0 0 0 0 0 0 0 0 0 0 0 0 0 0 0 0 0 0 0 0 0 0 0 0 0 0 0 0 0 0 0 0 0 0 0 0 0 0 0 0 0 0 0 0 0]
[92579126917075765004273780446229519296933974170924217820635178695040724963008236592110841009944295220378398128537812380966264699547958217420462111265159994733606248 0 0 0 0 0 0 0 0 0 1 0 0 0 0 0 0 0 0 0 0 0 0 0 0 0 0 0 0 0 0 0 0 0 0 0 0 0 0 0 0 0 0 0 0 0 0 0 0 0 0 0 0 0 0]
[1892884127386002283691873020618801343345166471718640342950319274870441750339754480631625888578885200299509782193143012119424723078013079349390399099610110531820003176 0 0 0 0 0 0 0 0 0 0 1 0 0 0 0 0 0 0 0 0 0 0 0 0 0 0 0 0 0 0 0 0 0 0 0 0 0 0 0 0 0 0 0 0 0 0 0 0 0 0 0 0 0 0]
[2260112606565115884967886006426606914122915466797506073736539578501668640490706996010380243279128796480247837204537355166934717201063463646011514771736317725972864414 0 0 0 0 0 0 0 0 0 0 0 1 0 0 0 0 0 0 0 0 0 0 0 0 0 0 0 0 0 0 0 0 0 0 0 0 0 0 0 0 0 0 0 0 0 0 0 0 0 0 0 0 0 0]
[2109039173884685433094212124826768648801978043924295818021937346016405693868644646894540459276321295647325111768157089075441734577110058445524605285513332057736231895 0 0 0 0 0 0 0 0 0 0 0 0 1 0 0 0 0 0 0 0 0 0 0 0 0 0 0 0 0 0 0 0 0 0 0 0 0 0 0 0 0 0 0 0 0 0 0 0 0 0 0 0 0 0]
[1436009627740573857938956349802379525595060885537561292962593296837174705704799132035086023831396020655318950726873839500435417879772579856066792432652046991336476966 0 0 0 0 0 0 0 0 0 0 0 0 0 1 0 0 0 0 0 0 0 0 0 0 0 0 0 0 0 0 0 0 0 0 0 0 0 0 0 0 0 0 0 0 0 0 0 0 0 0 0 0 0 0]
[1949382926216999731418277450591423075330005933298797875062858373148247745394791687850087220214597563661924105793165734982225527812796036495502136284854424099533616793 0 0 0 0 0 0 0 0 0 0 0 0 0 0 1 0 0 0 0 0 0 0 0 0 0 0 0 0 0 0 0 0 0 0 0 0 0 0 0 0 0 0 0 0 0 0 0 0 0 0 0 0 0 0]
[631224225761065619393126084218674800063796778720203614566307096277373028015528774660652704593932660936233559016634223023856587380096459796013410602867169677068739684 0 0 0 0 0 0 0 0 0 0 0 0 0 0 0 1 0 0 0 0 0 0 0 0 0 0 0 0 0 0 0 0 0 0 0 0 0 0 0 0 0 0 0 0 0 0 0 0 0 0 0 0 0 0]
[2279761417551927646741127918411670360548775478414389923380227845136400554432994282317369997948987599970179070185112013949076269661373421007976909854241530737264732640 0 0 0 0 0 0 0 0 0 0 0 0 0 0 0 0 1 0 0 0 0 0 0 0 0 0 0 0 0 0 0 0 0 0 0 0 0 0 0 0 0 0 0 0 0 0 0 0 0 0 0 0 0 0]
[2529773623489368906630424772435790491235716723836144649789258786332842820467610353930555524702476242752882216395616035419683071187393746404707693932615424455959792998 0 0 0 0 0 0 0 0 0 0 0 0 0 0 0 0 0 1 0 0 0 0 0 0 0 0 0 0 0 0 0 0 0 0 0 0 0 0 0 0 0 0 0 0 0 0 0 0 0 0 0 0 0 0]
[189350236928977202231014407822317687060741848989625614182040816539182319287150608734364251768327683307563218075719074805541722947088370029133510318568581702137197822 0 0 0 0 0 0 0 0 0 0 0 0 0 0 0 0 0 0 1 0 0 0 0 0 0 0 0 0 0 0 0 0 0 0 0 0 0 0 0 0 0 0 0 0 0 0 0 0 0 0 0 0 0 0]
[1414639149477564251771242770948567866398385825479260286794887025358030164187452582203641449457753411888181269047862938256801311194169761919330545727243504206403961470 0 0 0 0 0 0 0 0 0 0 0 0 0 0 0 0 0 0 0 1 0 0 0 0 0 0 0 0 0 0 0 0 0 0 0 0 0 0 0 0 0 0 0 0 0 0 0 0 0 0 0 0 0 0]
[780898920854442469684856575450442690716103040359507523416278718217406913132406877475598179165753867310831939442054854713418904562858555728729396311456872385648927098 0 0 0 0 0 0 0 0 0 0 0 0 0 0 0 0 0 0 0 0 1 0 0 0 0 0 0 0 0 0 0 0 0 0 0 0 0 0 0 0 0 0 0 0 0 0 0 0 0 0 0 0 0 0]
[1447148734402447494268133637233763809451225962750402890786436539972103496234566251372364535591289152501585181472702966484820487313355940529298383216772887898004078659 0 0 0 0 0 0 0 0 0 0 0 0 0 0 0 0 0 0 0 0 0 1 0 0 0 0 0 0 0 0 0 0 0 0 0 0 0 0 0 0 0 0 0 0 0 0 0 0 0 0 0 0 0 0]
[968415864095781679861384552918444069775327276942298307270814856802843667902215610931631325839331345418024383797630879053126067477080816765358696138963932064685126064 0 0 0 0 0 0 0 0 0 0 0 0 0 0 0 0 0 0 0 0 0 0 1 0 0 0 0 0 0 0 0 0 0 0 0 0 0 0 0 0 0 0 0 0 0 0 0 0 0 0 0 0 0 0]
[1400263419468199516103797350503919021960690060106016138251422529771438264410425548455369443561903878763759211537913398039223456981217916896864718743099730228590902283 0 0 0 0 0 0 0 0 0 0 0 0 0 0 0 0 0 0 0 0 0 0 0 1 0 0 0 0 0 0 0 0 0 0 0 0 0 0 0 0 0 0 0 0 0 0 0 0 0 0 0 0 0 0]
[505726326809564781350658824646454346144071112812179288237662026116803768721578018843179971858200663460988862061809808128149333150180141031218732774401906469355301655 0 0 0 0 0 0 0 0 0 0 0 0 0 0 0 0 0 0 0 0 0 0 0 0 1 0 0 0 0 0 0 0 0 0 0 0 0 0 0 0 0 0 0 0 0 0 0 0 0 0 0 0 0 0]
[503137394912531936656574718158857567799333777515973108979680321684446267035768710876574064671458696803510696147959804267190200734868985492315581160470603250577937389 0 0 0 0 0 0 0 0 0 0 0 0 0 0 0 0 0 0 0 0 0 0 0 0 0 1 0 0 0 0 0 0 0 0 0 0 0 0 0 0 0 0 0 0 0 0 0 0 0 0 0 0 0 0]
[2207039318803107326167960806978262887843547608404909511632309074168034630222018205358859772895893569659247577459415252575953384455603988351417317991015263437544255840 0 0 0 0 0 0 0 0 0 0 0 0 0 0 0 0 0 0 0 0 0 0 0 0 0 0 1 0 0 0 0 0 0 0 0 0 0 0 0 0 0 0 0 0 0 0 0 0 0 0 0 0 0 0]
[222841395839547257297160559769788660375130431120962923048754265878008623081025226375259706770452129078672395226505634035376187513572677118254932661409673105952087211 0 0 0 0 0 0 0 0 0 0 0 0 0 0 0 0 0 0 0 0 0 0 0 0 0 0 0 1 0 0 0 0 0 0 0 0 0 0 0 0 0 0 0 0 0 0 0 0 0 0 0 0 0 0]
[634114793907752882399034333775950272460376039545729412477544942667713406862475645820813110126917583527698790145953176484021806860386827128598239223408487022486605176 0 0 0 0 0 0 0 0 0 0 0 0 0 0 0 0 0 0 0 0 0 0 0 0 0 0 0 0 1 0 0 0 0 0 0 0 0 0 0 0 0 0 0 0 0 0 0 0 0 0 0 0 0 0]
[1230127651464657604779003344437596341294451176853352158494409384068188490367960970631671270915563250956651899687337205022781678733184784074524895705302009988741612529 0 0 0 0 0 0 0 0 0 0 0 0 0 0 0 0 0 0 0 0 0 0 0 0 0 0 0 0 0 1 0 0 0 0 0 0 0 0 0 0 0 0 0 0 0 0 0 0 0 0 0 0 0 0]
[957231088082304074296589135862908894515926174240407318213559666693230584914392108401063426700231519670789116845305643410142658485846168836832650994811611173947927830 0 0 0 0 0 0 0 0 0 0 0 0 0 0 0 0 0 0 0 0 0 0 0 0 0 0 0 0 0 0 1 0 0 0 0 0 0 0 0 0 0 0 0 0 0 0 0 0 0 0 0 0 0 0]
[2145376170666965530382146986488275579191504853805130571243954281573242353332045096401033895768048094515163978760731465610795993342814551669276868242938704016114495101 0 0 0 0 0 0 0 0 0 0 0 0 0 0 0 0 0 0 0 0 0 0 0 0 0 0 0 0 0 0 0 1 0 0 0 0 0 0 0 0 0 0 0 0 0 0 0 0 0 0 0 0 0 0]
[322594146371769488963254676793500716598192673207129507227857982534662298851896702635128843261180852405968853950028032810783748453298487138782068187181337614864745583 0 0 0 0 0 0 0 0 0 0 0 0 0 0 0 0 0 0 0 0 0 0 0 0 0 0 0 0 0 0 0 0 1 0 0 0 0 0 0 0 0 0 0 0 0 0 0 0 0 0 0 0 0 0]
[120671904527927566589230844627800682732166120392562530615225715844961070653309821645872337418863511608801643955520652380952727080674522710259232636857392849718705739 0 0 0 0 0 0 0 0 0 0 0 0 0 0 0 0 0 0 0 0 0 0 0 0 0 0 0 0 0 0 0 0 0 1 0 0 0 0 0 0 0 0 0 0 0 0 0 0 0 0 0 0 0 0]
[2403154773076060482672343649536656386916459110215923456590903760675155453874677857973733824143332134016137386573684291641620871695750723660767554962143855400154641317 0 0 0 0 0 0 0 0 0 0 0 0 0 0 0 0 0 0 0 0 0 0 0 0 0 0 0 0 0 0 0 0 0 0 1 0 0 0 0 0 0 0 0 0 0 0 0 0 0 0 0 0 0 0]
[2457639028924549783497583007909010595985350512703291303254661232718475637735146747812527600748971719588894912094882142022315064694061611473054638802535970005521634757 0 0 0 0 0 0 0 0 0 0 0 0 0 0 0 0 0 0 0 0 0 0 0 0 0 0 0 0 0 0 0 0 0 0 0 1 0 0 0 0 0 0 0 0 0 0 0 0 0 0 0 0 0 0]
[45211148369220667453021265481374501514823228167707109178676820525001943580968116104818849508047008671340959292956926034508990887285811246970084238780770222024120154 0 0 0 0 0 0 0 0 0 0 0 0 0 0 0 0 0 0 0 0 0 0 0 0 0 0 0 0 0 0 0 0 0 0 0 0 1 0 0 0 0 0 0 0 0 0 0 0 0 0 0 0 0 0]
[1205623205865350544797185720743913749556876674354820163126495810075726341335227868726627829329777714734388686295630505512378182306690941151211421997614500760798908297 0 0 0 0 0 0 0 0 0 0 0 0 0 0 0 0 0 0 0 0 0 0 0 0 0 0 0 0 0 0 0 0 0 0 0 0 0 1 0 0 0 0 0 0 0 0 0 0 0 0 0 0 0 0]
[420828603882015978650985527501983955105143308747924978890544859747483771194458271882407298303823945115796004781198291720534604437195716682414981277214827338659019204 0 0 0 0 0 0 0 0 0 0 0 0 0 0 0 0 0 0 0 0 0 0 0 0 0 0 0 0 0 0 0 0 0 0 0 0 0 0 1 0 0 0 0 0 0 0 0 0 0 0 0 0 0 0]
[777312494385874878348385560333096091825757407060491763001681721169545346112515390342040685513102249837518179782686824913549244270796395076607158614162047858414115068 0 0 0 0 0 0 0 0 0 0 0 0 0 0 0 0 0 0 0 0 0 0 0 0 0 0 0 0 0 0 0 0 0 0 0 0 0 0 0 1 0 0 0 0 0 0 0 0 0 0 0 0 0 0]
[2266892062761114575206784402284894163966664583040498131580785096522906536580964719162026884962117608989529372664907977067364930817685992609943015082285997765113713563 0 0 0 0 0 0 0 0 0 0 0 0 0 0 0 0 0 0 0 0 0 0 0 0 0 0 0 0 0 0 0 0 0 0 0 0 0 0 0 0 1 0 0 0 0 0 0 0 0 0 0 0 0 0]
[2017080596649913491818956768585424050840754574907462255855865396441063830272169716673552448790442666891987450978023740152651543174440919209325484594817970854853357255 0 0 0 0 0 0 0 0 0 0 0 0 0 0 0 0 0 0 0 0 0 0 0 0 0 0 0 0 0 0 0 0 0 0 0 0 0 0 0 0 0 1 0 0 0 0 0 0 0 0 0 0 0 0]
[1107572515890594754118642867015074926596254051076980594578888774106073781573109494496891200209089529242216774448102841544887893527804000452652868331621889423948868727 0 0 0 0 0 0 0 0 0 0 0 0 0 0 0 0 0 0 0 0 0 0 0 0 0 0 0 0 0 0 0 0 0 0 0 0 0 0 0 0 0 0 1 0 0 0 0 0 0 0 0 0 0 0]
[248663429778321819084636380800035431133167147640981247729756279209255692872736403582787979705786675791956298482457832764981991218556525607781775088765051494777933920 0 0 0 0 0 0 0 0 0 0 0 0 0 0 0 0 0 0 0 0 0 0 0 0 0 0 0 0 0 0 0 0 0 0 0 0 0 0 0 0 0 0 0 1 0 0 0 0 0 0 0 0 0 0]
[2433823538073117249403015205523142801593742433930490519368908056607516472574083655971368508510157104837712136794538607769496778849318851701046730740086988489450682214 0 0 0 0 0 0 0 0 0 0 0 0 0 0 0 0 0 0 0 0 0 0 0 0 0 0 0 0 0 0 0 0 0 0 0 0 0 0 0 0 0 0 0 0 1 0 0 0 0 0 0 0 0 0]
[2717336155390599505862446799741536607750139054477341570254449310152032923900841271023234064569135419870281030026507822609228081138081471923035924818092459233315710052 0 0 0 0 0 0 0 0 0 0 0 0 0 0 0 0 0 0 0 0 0 0 0 0 0 0 0 0 0 0 0 0 0 0 0 0 0 0 0 0 0 0 0 0 0 1 0 0 0 0 0 0 0 0]
[196448157873725575144059777959232133355388460759142342221944431373564503437511718726039412789585531903382519053225665510997264599833423359620890158478802310145196128 0 0 0 0 0 0 0 0 0 0 0 0 0 0 0 0 0 0 0 0 0 0 0 0 0 0 0 0 0 0 0 0 0 0 0 0 0 0 0 0 0 0 0 0 0 0 1 0 0 0 0 0 0 0]
[298967522336259771058232861497237609339107476910429594245840146223386970773152216106560345518807637058070348071819133422706761642200092617850331561078429315634799879 0 0 0 0 0 0 0 0 0 0 0 0 0 0 0 0 0 0 0 0 0 0 0 0 0 0 0 0 0 0 0 0 0 0 0 0 0 0 0 0 0 0 0 0 0 0 0 1 0 0 0 0 0 0]
[763892102722009109370805604759029016314970995063231406442160985662668561388420230669883666951943377604771026374010459633899176785801634242761154674440523738745349849 0 0 0 0 0 0 0 0 0 0 0 0 0 0 0 0 0 0 0 0 0 0 0 0 0 0 0 0 0 0 0 0 0 0 0 0 0 0 0 0 0 0 0 0 0 0 0 0 1 0 0 0 0 0]
[1907754485902267107651103209188413105940973452435286729263581644297663469396833788790799776294149958826360669866537306708561421180138502077313708277920704169512776022 0 0 0 0 0 0 0 0 0 0 0 0 0 0 0 0 0 0 0 0 0 0 0 0 0 0 0 0 0 0 0 0 0 0 0 0 0 0 0 0 0 0 0 0 0 0 0 0 0 1 0 0 0 0]
[1543053769688231165571787198687095951857866013661536400509955162090114261481701099862466806454145469436527496168859902708738210733712753004514343134819571808427065716 0 0 0 0 0 0 0 0 0 0 0 0 0 0 0 0 0 0 0 0 0 0 0 0 0 0 0 0 0 0 0 0 0 0 0 0 0 0 0 0 0 0 0 0 0 0 0 0 0 0 1 0 0 0]
[1575715439876488422519082528919046327138160092110149080311074159005918765170119872063685704053881189667441600685371052863184841723339671612642784444437932808981280330 0 0 0 0 0 0 0 0 0 0 0 0 0 0 0 0 0 0 0 0 0 0 0 0 0 0 0 0 0 0 0 0 0 0 0 0 0 0 0 0 0 0 0 0 0 0 0 0 0 0 0 1 0 0]
[636288641842418953183301299860770694031751621406682664682813177257331508360078209423617731020859660733845599123044084530863399558661214723646354455222696538754038449 0 0 0 0 0 0 0 0 0 0 0 0 0 0 0 0 0 0 0 0 0 0 0 0 0 0 0 0 0 0 0 0 0 0 0 0 0 0 0 0 0 0 0 0 0 0 0 0 0 0 0 0 1 0]
[1796987158641693854750672371560122908796187261592722447832906763490921102391529242381447861523775823377743764101684356335568072170397009250709493825930174176424376583 0 0 0 0 0 0 0 0 0 0 0 0 0 0 0 0 0 0 0 0 0 0 0 0 0 0 0 0 0 0 0 0 0 0 0 0 0 0 0 0 0 0 0 0 0 0 0 0 0 0 0 0 0 1]]
