[[413164692211566608001758242315050767310185956745589718726317124262382004174476059025425318089157337565324503362238307065876068861113195302538289392217 0 0 0 0 0 0 0 0 0 0 0 0 0 0 0 0 0 0 0 0 0 0 0 0 0 0 0 0 0 0 0 0 0 0 0 0 0 0 0 0 0 0 0 0 0 0 0 0 0]
[402219122074389489985925815866578673312756967427560675038460488967127706267745053412459191082183042401193468459464733885578854329999374149213306561584 1 0 0 0 0 0 0 0 0 0 0 0 0 0 0 0 0 0 0 0 0 0 0 0 0 0 0 0 0 0 0 0 0 0 0 0 0 0 0 0 0 0 0 0 0 0 0 0 0]
[298498395615655595837158701921586476401167281563900646121890902361487072208136597214209217759213096832759703686548618941776739080853052843423467933580 0 1 0 0 0 0 0 0 0 0 0 0 0 0 0 0 0 0 0 0 0 0 0 0 0 0 0 0 0 0 0 0 0 0 0 0 0 0 0 0 0 0 0 0 0 0 0 0 0]
[37151749573160788937808342911267167304528172896476367533699957723385675064713289841731808760317414182391459564311622975518285715757004450693692966048 0 0 1 0 0 0 0 0 0 0 0 0 0 0 0 0 0 0 0 0 0 0 0 0 0 0 0 0 0 0 0 0 0 0 0 0 0 0 0 0 0 0 0 0 0 0 0 0 0]
[405777020299051146322964580402824960519710434553231599033729120759935479293118999478916001306591146803100013273591871823197688470358508546595534392984 0 0 0 1 0 0 0 0 0 0 0 0 0 0 0 0 0 0 0 0 0 0 0 0 0 0 0 0 0 0 0 0 0 0 0 0 0 0 0 0 0 0 0 0 0 0 0 0 0]
[90710544602507985514269737820373419987319408033877155790517526235645295041179818741945570816704143726352939398700336266276463259529482360820884089476 0 0 0 0 1 0 0 0 0 0 0 0 0 0 0 0 0 0 0 0 0 0 0 0 0 0 0 0 0 0 0 0 0 0 0 0 0 0 0 0 0 0 0 0 0 0 0 0 0]
[406676505390808480857701555013258959198519072268695381086080393983303617060053814443939284872446984657808061968767528443869483444654037446436570105988 0 0 0 0 0 1 0 0 0 0 0 0 0 0 0 0 0 0 0 0 0 0 0 0 0 0 0 0 0 0 0 0 0 0 0 0 0 0 0 0 0 0 0 0 0 0 0 0 0]
[126718568761397947920185161111789266868063043330105324693908454288916897408658728524699174641692933928532797407206379288737834193692714166480806615156 0 0 0 0 0 0 1 0 0 0 0 0 0 0 0 0 0 0 0 0 0 0 0 0 0 0 0 0 0 0 0 0 0 0 0 0 0 0 0 0 0 0 0 0 0 0 0 0 0]
[180921258969390366461174205244564261915235165347005342111701896552654060184191660239723778492037418204835417871112491837692111703680436160517169495714 0 0 0 0 0 0 0 1 0 0 0 0 0 0 0 0 0 0 0 0 0 0 0 0 0 0 0 0 0 0 0 0 0 0 0 0 0 0 0 0 0 0 0 0 0 0 0 0 0]
[145505708661594571622792441477085633225162959671056210917629842015694318508437520355928017693633812791532349099502692481605318245874652455750093110502 0 0 0 0 0 0 0 0 1 0 0 0 0 0 0 0 0 0 0 0 0 0 0 0 0 0 0 0 0 0 0 0 0 0 0 0 0 0 0 0 0 0 0 0 0 0 0 0 0]
[187128811272212120286387408279354222659823937287982510842298909754897184663693853649764255031207911941057800746557765165755143589140525405755270872324 0 0 0 0 0 0 0 0 0 1 0 0 0 0 0 0 0 0 0 0 0 0 0 0 0 0 0 0 0 0 0 0 0 0 0 0 0 0 0 0 0 0 0 0 0 0 0 0 0]
[249960600012493020883157814564108519142926869598051793252639105917729431703752685301062405000418224458261470169575558235076682882566459969891419180390 0 0 0 0 0 0 0 0 0 0 1 0 0 0 0 0 0 0 0 0 0 0 0 0 0 0 0 0 0 0 0 0 0 0 0 0 0 0 0 0 0 0 0 0 0 0 0 0 0]
[341653718499462668496344272630272698904545159730853948545660910848387215773714462893376001417875489838507425987362359817329538987231767299016287859440 0 0 0 0 0 0 0 0 0 0 0 1 0 0 0 0 0 0 0 0 0 0 0 0 0 0 0 0 0 0 0 0 0 0 0 0 0 0 0 0 0 0 0 0 0 0 0 0 0]
[177421569404494723684029064358914528816710479619803296475423841225865957029517853999644952376764607106059236165172400062522547815090489782470053777209 0 0 0 0 0 0 0 0 0 0 0 0 1 0 0 0 0 0 0 0 0 0 0 0 0 0 0 0 0 0 0 0 0 0 0 0 0 0 0 0 0 0 0 0 0 0 0 0 0]
[286411643345112276350221079239191553985066213366430806982817132555354454956247434454931581257408319661522128797478314008026155250299984558623527842100 0 0 0 0 0 0 0 0 0 0 0 0 0 1 0 0 0 0 0 0 0 0 0 0 0 0 0 0 0 0 0 0 0 0 0 0 0 0 0 0 0 0 0 0 0 0 0 0 0]
[89525627248711616880574290670880187631129157293882528628321375107257052380995871568509149536425412644380425900127074008332190448969601660882581958266 0 0 0 0 0 0 0 0 0 0 0 0 0 0 1 0 0 0 0 0 0 0 0 0 0 0 0 0 0 0 0 0 0 0 0 0 0 0 0 0 0 0 0 0 0 0 0 0 0]
[350196141557074835713798062976505161875235150617554203700888570757481274366049668469395026354732225604712332720905308048306657518701273844952504832864 0 0 0 0 0 0 0 0 0 0 0 0 0 0 0 1 0 0 0 0 0 0 0 0 0 0 0 0 0 0 0 0 0 0 0 0 0 0 0 0 0 0 0 0 0 0 0 0 0]
[37928196665647688509230890523515345665994264277888480077882928924599845173597709583846922763107392068891053924212746860739374503963740090920609853761 0 0 0 0 0 0 0 0 0 0 0 0 0 0 0 0 1 0 0 0 0 0 0 0 0 0 0 0 0 0 0 0 0 0 0 0 0 0 0 0 0 0 0 0 0 0 0 0 0]
[158548939895041754716565054408644462662992471403331023377779084568123361026019033125845304823343111361595417665500987163967638771736620545077628075019 0 0 0 0 0 0 0 0 0 0 0 0 0 0 0 0 0 1 0 0 0 0 0 0 0 0 0 0 0 0 0 0 0 0 0 0 0 0 0 0 0 0 0 0 0 0 0 0 0]
[317617312362592044134641055593876934250104834697819107933153560657963895719562868056461489723148137343981500995889960099524258777524475221321940560986 0 0 0 0 0 0 0 0 0 0 0 0 0 0 0 0 0 0 1 0 0 0 0 0 0 0 0 0 0 0 0 0 0 0 0 0 0 0 0 0 0 0 0 0 0 0 0 0 0]
[154372063552395558598480952506447677501951455932450702734979114873269817952756279335499351545929795287600015029122391004563966528054800289035514694114 0 0 0 0 0 0 0 0 0 0 0 0 0 0 0 0 0 0 0 1 0 0 0 0 0 0 0 0 0 0 0 0 0 0 0 0 0 0 0 0 0 0 0 0 0 0 0 0 0]
[241438717530061624133820949835804622791810143290145045721835149253857548136954586639506518900738496712066952228304968281269568552797284402572469175088 0 0 0 0 0 0 0 0 0 0 0 0 0 0 0 0 0 0 0 0 1 0 0 0 0 0 0 0 0 0 0 0 0 0 0 0 0 0 0 0 0 0 0 0 0 0 0 0 0]
[85231630809918715869680521724462532573073235024589957318830626827791862127107180850158207587945352855843201293169849332980239073155400058597295801329 0 0 0 0 0 0 0 0 0 0 0 0 0 0 0 0 0 0 0 0 0 1 0 0 0 0 0 0 0 0 0 0 0 0 0 0 0 0 0 0 0 0 0 0 0 0 0 0 0]
[169064988647495114182514498227732234599346767154562563676096934772576002373190635872096685770897217427285143985667610214013412118689264785484724163322 0 0 0 0 0 0 0 0 0 0 0 0 0 0 0 0 0 0 0 0 0 0 1 0 0 0 0 0 0 0 0 0 0 0 0 0 0 0 0 0 0 0 0 0 0 0 0 0 0]
[265930511277618686911627554388410929450348790906444287263077763294341456456833564906485370096236142653416896259457902943440516067765688519609626924313 0 0 0 0 0 0 0 0 0 0 0 0 0 0 0 0 0 0 0 0 0 0 0 1 0 0 0 0 0 0 0 0 0 0 0 0 0 0 0 0 0 0 0 0 0 0 0 0 0]
[253345804736958277339539648227183066992550218780679291732514621380986803639865857703114007568489667676426307618541252006170024740580359905045281325852 0 0 0 0 0 0 0 0 0 0 0 0 0 0 0 0 0 0 0 0 0 0 0 0 1 0 0 0 0 0 0 0 0 0 0 0 0 0 0 0 0 0 0 0 0 0 0 0 0]
[61158516790417495255694560123382368371317783663901965943742038064108763851466935174405451505714273975724455257113782468843218931795503684194893967802 0 0 0 0 0 0 0 0 0 0 0 0 0 0 0 0 0 0 0 0 0 0 0 0 0 1 0 0 0 0 0 0 0 0 0 0 0 0 0 0 0 0 0 0 0 0 0 0 0]
[76622500796509216485114044449831499854127526399159316840011172697288708169403449295409386210071188407958721769331241390111606512359133035879695153716 0 0 0 0 0 0 0 0 0 0 0 0 0 0 0 0 0 0 0 0 0 0 0 0 0 0 1 0 0 0 0 0 0 0 0 0 0 0 0 0 0 0 0 0 0 0 0 0 0]
[324935778365898253496120412149704894840305799930556491440483193405555302977844786566447599807939375627676375793725597138803650003355242239868698446762 0 0 0 0 0 0 0 0 0 0 0 0 0 0 0 0 0 0 0 0 0 0 0 0 0 0 0 1 0 0 0 0 0 0 0 0 0 0 0 0 0 0 0 0 0 0 0 0 0]
[55705001209561836302008453406340441823750824493691933566669615130147712400283049409269184232806247446003038725927334427800482991107158875343676232673 0 0 0 0 0 0 0 0 0 0 0 0 0 0 0 0 0 0 0 0 0 0 0 0 0 0 0 0 1 0 0 0 0 0 0 0 0 0 0 0 0 0 0 0 0 0 0 0 0]
[193427786798259229481474934684495108491463978773412488478183178671353191141664458953337527836119232770407642931256527389595370426559140574281911120112 0 0 0 0 0 0 0 0 0 0 0 0 0 0 0 0 0 0 0 0 0 0 0 0 0 0 0 0 0 1 0 0 0 0 0 0 0 0 0 0 0 0 0 0 0 0 0 0 0]
[79808305402803591118195429207646378886888084767070302318441746992029173804783708310568788318439267107292398658123052359022555122439775495462742617185 0 0 0 0 0 0 0 0 0 0 0 0 0 0 0 0 0 0 0 0 0 0 0 0 0 0 0 0 0 0 1 0 0 0 0 0 0 0 0 0 0 0 0 0 0 0 0 0 0]
[129796987005964492106312794929190980796911269087926808383111574955186317580714253775039945363021533933791682900207403923013445142551738209452768531980 0 0 0 0 0 0 0 0 0 0 0 0 0 0 0 0 0 0 0 0 0 0 0 0 0 0 0 0 0 0 0 1 0 0 0 0 0 0 0 0 0 0 0 0 0 0 0 0 0]
[221079195543815503791358285743944203755182286422925281053996225632994103037214519058408014058780518944110445213248884139476263398423485991017850069183 0 0 0 0 0 0 0 0 0 0 0 0 0 0 0 0 0 0 0 0 0 0 0 0 0 0 0 0 0 0 0 0 1 0 0 0 0 0 0 0 0 0 0 0 0 0 0 0 0]
[105734123632611916875959512730794873676279774694313797192882669064520214918613171665008791935094326173194616821206731369486646113147143526451814861785 0 0 0 0 0 0 0 0 0 0 0 0 0 0 0 0 0 0 0 0 0 0 0 0 0 0 0 0 0 0 0 0 0 1 0 0 0 0 0 0 0 0 0 0 0 0 0 0 0]
[301444838640435094002310182404951984735482773408565895105591440967428811069548837044582113119499847496077686448868626149614026803721762769809207124367 0 0 0 0 0 0 0 0 0 0 0 0 0 0 0 0 0 0 0 0 0 0 0 0 0 0 0 0 0 0 0 0 0 0 1 0 0 0 0 0 0 0 0 0 0 0 0 0 0]
[219213132894450968700417099560207876896999539255935145150554308655183591878727802033849573448325419224828200536049422184038049319095380441408619751777 0 0 0 0 0 0 0 0 0 0 0 0 0 0 0 0 0 0 0 0 0 0 0 0 0 0 0 0 0 0 0 0 0 0 0 1 0 0 0 0 0 0 0 0 0 0 0 0 0]
[313242483393133042014082919126110380433557078027071047419435174224066553074618808129287918135181769206246138117794141513544398944780127571045459999025 0 0 0 0 0 0 0 0 0 0 0 0 0 0 0 0 0 0 0 0 0 0 0 0 0 0 0 0 0 0 0 0 0 0 0 0 1 0 0 0 0 0 0 0 0 0 0 0 0]
[239373154242802572174731597257298551894583294987529088169304758641882334746408380892981024985415434708963751636876448577369111075450934282424343928775 0 0 0 0 0 0 0 0 0 0 0 0 0 0 0 0 0 0 0 0 0 0 0 0 0 0 0 0 0 0 0 0 0 0 0 0 0 1 0 0 0 0 0 0 0 0 0 0 0]
[215959336644312140118229361620225260917561511797366355293385742458987824544388189664524948654793335235519482629627412045381358138007976701326158449051 0 0 0 0 0 0 0 0 0 0 0 0 0 0 0 0 0 0 0 0 0 0 0 0 0 0 0 0 0 0 0 0 0 0 0 0 0 0 1 0 0 0 0 0 0 0 0 0 0]
[364375151669608764083603092863100150271051823875847859371209831446062751102667328327243864521024057332655499698088750901533621736397373825338329885955 0 0 0 0 0 0 0 0 0 0 0 0 0 0 0 0 0 0 0 0 0 0 0 0 0 0 0 0 0 0 0 0 0 0 0 0 0 0 0 1 0 0 0 0 0 0 0 0 0]
[211061220884110159755537713969072554927245088247770296104100960707967453489301035678271829820413759885109507521139109071769011917804220864850406407432 0 0 0 0 0 0 0 0 0 0 0 0 0 0 0 0 0 0 0 0 0 0 0 0 0 0 0 0 0 0 0 0 0 0 0 0 0 0 0 0 1 0 0 0 0 0 0 0 0]
[317785577310348785113332810568423930770137645893973082537120673639632708958505192396014033623916963334268073594907696446674341355235857615567346492523 0 0 0 0 0 0 0 0 0 0 0 0 0 0 0 0 0 0 0 0 0 0 0 0 0 0 0 0 0 0 0 0 0 0 0 0 0 0 0 0 0 1 0 0 0 0 0 0 0]
[264251551176259681500271554250879567182529204955378069628641962105836536030543505174001101681041069462896808374539226422214929969886537609832969176379 0 0 0 0 0 0 0 0 0 0 0 0 0 0 0 0 0 0 0 0 0 0 0 0 0 0 0 0 0 0 0 0 0 0 0 0 0 0 0 0 0 0 1 0 0 0 0 0 0]
[250418602171252161095767838156388127552099664045585422540974964285735465558139968108300181439121558660274936773474903236201776968184315882399368020056 0 0 0 0 0 0 0 0 0 0 0 0 0 0 0 0 0 0 0 0 0 0 0 0 0 0 0 0 0 0 0 0 0 0 0 0 0 0 0 0 0 0 0 1 0 0 0 0 0]
[136142054405907008428297565084411872719450746064750035549336011937374589241376716663955274658160345072247304198475052161087566082063317921754947025147 0 0 0 0 0 0 0 0 0 0 0 0 0 0 0 0 0 0 0 0 0 0 0 0 0 0 0 0 0 0 0 0 0 0 0 0 0 0 0 0 0 0 0 0 1 0 0 0 0]
[156295149651779876376260850717930633539990291451595946680899102179043548941156814441879924866211919257380001773293433399433270167910048440325334943522 0 0 0 0 0 0 0 0 0 0 0 0 0 0 0 0 0 0 0 0 0 0 0 0 0 0 0 0 0 0 0 0 0 0 0 0 0 0 0 0 0 0 0 0 0 1 0 0 0]
[84073212088212608786273917388153610951610697681916476982662196945113902012989989716320504661336907638172149624128047671192555008398751945994702496701 0 0 0 0 0 0 0 0 0 0 0 0 0 0 0 0 0 0 0 0 0 0 0 0 0 0 0 0 0 0 0 0 0 0 0 0 0 0 0 0 0 0 0 0 0 0 1 0 0]
[102906268281841625379285521593415169990592895411461901135379673292262101268496830178343168700977517660663935656312827856567081076996265802695195077146 0 0 0 0 0 0 0 0 0 0 0 0 0 0 0 0 0 0 0 0 0 0 0 0 0 0 0 0 0 0 0 0 0 0 0 0 0 0 0 0 0 0 0 0 0 0 0 1 0]
[316389000299383636484035586860114314078813590192768629418452237684776654487262290599338497645155578295580659258520777339639133398020878110244368892303 0 0 0 0 0 0 0 0 0 0 0 0 0 0 0 0 0 0 0 0 0 0 0 0 0 0 0 0 0 0 0 0 0 0 0 0 0 0 0 0 0 0 0 0 0 0 0 0 1]]
