[[1306496017242772172743264447276527112501750362327928440722559572994619766769639623457450192156124916040769111470258706639743561430669385023580620797553051 0 0 0 0 0 0 0 0 0 0 0 0 0 0 0 0 0 0 0 0 0 0 0 0 0 0 0 0 0 0 0 0 0 0 0 0 0 0 0 0 0 0 0 0 0 0 0 0 0 0]
[597280682544099491341818731384497096681510017545773333319309177875256316081514507949890521519364486566883954404671592062819628785499909649277913507629677 1 0 0 0 0 0 0 0 0 0 0 0 0 0 0 0 0 0 0 0 0 0 0 0 0 0 0 0 0 0 0 0 0 0 0 0 0 0 0 0 0 0 0 0 0 0 0 0 0 0]
[3675609729970531359999115512694177825529399013470625464521751857063261502672419608295729283408087199552080152587024804894796110875884767202541834150960 0 1 0 0 0 0 0 0 0 0 0 0 0 0 0 0 0 0 0 0 0 0 0 0 0 0 0 0 0 0 0 0 0 0 0 0 0 0 0 0 0 0 0 0 0 0 0 0 0 0]
[1042183343051559449625887968778920658155175020079090524217206992074888260481362863837361491666247350327074092990787064929807709387276248098004968442383484 0 0 1 0 0 0 0 0 0 0 0 0 0 0 0 0 0 0 0 0 0 0 0 0 0 0 0 0 0 0 0 0 0 0 0 0 0 0 0 0 0 0 0 0 0 0 0 0 0 0]
[1128204331150864285925075543142077468669646338044498606406307345182950623159390219861838110921022413778597954694236544677321077249454285475313965477860444 0 0 0 1 0 0 0 0 0 0 0 0 0 0 0 0 0 0 0 0 0 0 0 0 0 0 0 0 0 0 0 0 0 0 0 0 0 0 0 0 0 0 0 0 0 0 0 0 0 0]
[207022901810422765182439053843075894381965068513892896147940351637605407080291056362518925776276165853132815866307801951574195345173818779873595318772563 0 0 0 0 1 0 0 0 0 0 0 0 0 0 0 0 0 0 0 0 0 0 0 0 0 0 0 0 0 0 0 0 0 0 0 0 0 0 0 0 0 0 0 0 0 0 0 0 0 0]
[465938312368841836605213393075647565879218498331189866950120088014036519610773092029359379851119079451546390520831968720002931482733050214679406517522316 0 0 0 0 0 1 0 0 0 0 0 0 0 0 0 0 0 0 0 0 0 0 0 0 0 0 0 0 0 0 0 0 0 0 0 0 0 0 0 0 0 0 0 0 0 0 0 0 0 0]
[912291033951363584913309468462529171805199211590479087807908562724919406167503871930051966960049180290552573265478908856202691689099331656202435325345980 0 0 0 0 0 0 1 0 0 0 0 0 0 0 0 0 0 0 0 0 0 0 0 0 0 0 0 0 0 0 0 0 0 0 0 0 0 0 0 0 0 0 0 0 0 0 0 0 0 0]
[174290151462356982250030190247367286995008184763013491674607509826369923664731762673968119439282000066301096598436040190490804505456833156027615412839755 0 0 0 0 0 0 0 1 0 0 0 0 0 0 0 0 0 0 0 0 0 0 0 0 0 0 0 0 0 0 0 0 0 0 0 0 0 0 0 0 0 0 0 0 0 0 0 0 0 0]
[700542741839347520971760403464017485741665926026112341316958052730296018105665068034861531566503807044472141862862166818948011186535231117862998597092512 0 0 0 0 0 0 0 0 1 0 0 0 0 0 0 0 0 0 0 0 0 0 0 0 0 0 0 0 0 0 0 0 0 0 0 0 0 0 0 0 0 0 0 0 0 0 0 0 0 0]
[64236893874273817611580163668541008428744230332392994993957910798634544509184272819702682801661722211245390353761013256502934191115123673086501822385816 0 0 0 0 0 0 0 0 0 1 0 0 0 0 0 0 0 0 0 0 0 0 0 0 0 0 0 0 0 0 0 0 0 0 0 0 0 0 0 0 0 0 0 0 0 0 0 0 0 0]
[1004203279516744026612060209239686413362442267031744001329790144689724687342175099529185046391787804349760843295527752118343669908709873801469346722130564 0 0 0 0 0 0 0 0 0 0 1 0 0 0 0 0 0 0 0 0 0 0 0 0 0 0 0 0 0 0 0 0 0 0 0 0 0 0 0 0 0 0 0 0 0 0 0 0 0 0]
[51158602560177044847765144934762122120032636833724598977147640631019066792394155050059326406672431971276600734295807202383051314323061897786465481858920 0 0 0 0 0 0 0 0 0 0 0 1 0 0 0 0 0 0 0 0 0 0 0 0 0 0 0 0 0 0 0 0 0 0 0 0 0 0 0 0 0 0 0 0 0 0 0 0 0 0]
[523617854382354605773911869821865868001948538830739794981246575526634237598669185625392158288082602186618801551389135548493526377529052334716034699852187 0 0 0 0 0 0 0 0 0 0 0 0 1 0 0 0 0 0 0 0 0 0 0 0 0 0 0 0 0 0 0 0 0 0 0 0 0 0 0 0 0 0 0 0 0 0 0 0 0 0]
[859090250099976083464351684944040667498677816581203541697463518699185081211445103393857141890740856691377357483097215085648716737571229113782641994195741 0 0 0 0 0 0 0 0 0 0 0 0 0 1 0 0 0 0 0 0 0 0 0 0 0 0 0 0 0 0 0 0 0 0 0 0 0 0 0 0 0 0 0 0 0 0 0 0 0 0]
[1110086092582182902415329008779569371560640172680867659015921854178572660598244727919872500583353956258808393981211631600568519452499802282524807422904452 0 0 0 0 0 0 0 0 0 0 0 0 0 0 1 0 0 0 0 0 0 0 0 0 0 0 0 0 0 0 0 0 0 0 0 0 0 0 0 0 0 0 0 0 0 0 0 0 0 0]
[637673742146743019551529867662419499156106273632233873093982695833274710909994561223756574258961872023340017151713436320882752824014860733296247917526690 0 0 0 0 0 0 0 0 0 0 0 0 0 0 0 1 0 0 0 0 0 0 0 0 0 0 0 0 0 0 0 0 0 0 0 0 0 0 0 0 0 0 0 0 0 0 0 0 0 0]
[161359993147546581669772385010236343879894783727291997092969729720750283791438659348356980064744413552472701542381836189685555203130730260332180076887270 0 0 0 0 0 0 0 0 0 0 0 0 0 0 0 0 1 0 0 0 0 0 0 0 0 0 0 0 0 0 0 0 0 0 0 0 0 0 0 0 0 0 0 0 0 0 0 0 0 0]
[870090682859671914076291549340213828924232447673232450316026979981302453579205956813878791290640237674789194107645646635865241070658183729327811477748996 0 0 0 0 0 0 0 0 0 0 0 0 0 0 0 0 0 1 0 0 0 0 0 0 0 0 0 0 0 0 0 0 0 0 0 0 0 0 0 0 0 0 0 0 0 0 0 0 0 0]
[714107173231817338460039182396963240274889167084778303220441568925261665474658113515781612423300587064296601184299673450106605993287093953271372567749943 0 0 0 0 0 0 0 0 0 0 0 0 0 0 0 0 0 0 1 0 0 0 0 0 0 0 0 0 0 0 0 0 0 0 0 0 0 0 0 0 0 0 0 0 0 0 0 0 0 0]
[1236046608199293018598475454825048952660686917540987811978488152367138895358538358931327835854446694814298230684141289165796843885058967644930535452848880 0 0 0 0 0 0 0 0 0 0 0 0 0 0 0 0 0 0 0 1 0 0 0 0 0 0 0 0 0 0 0 0 0 0 0 0 0 0 0 0 0 0 0 0 0 0 0 0 0 0]
[486275926841981562420642699043257388632988054317014924534744192003501734723123689254165253662773531944012731829107842944931285144879071358201756400799545 0 0 0 0 0 0 0 0 0 0 0 0 0 0 0 0 0 0 0 0 1 0 0 0 0 0 0 0 0 0 0 0 0 0 0 0 0 0 0 0 0 0 0 0 0 0 0 0 0 0]
[273614527402672958422451560764343720764074677057962340728837646368582526454746572767207984290470405441760560253448744243277667076831730304511555581554996 0 0 0 0 0 0 0 0 0 0 0 0 0 0 0 0 0 0 0 0 0 1 0 0 0 0 0 0 0 0 0 0 0 0 0 0 0 0 0 0 0 0 0 0 0 0 0 0 0 0]
[887996728019077193857958279555157150226395284146475206675971104971183549327148968883655521692937928039822393495500796335258513028520382467376245690576506 0 0 0 0 0 0 0 0 0 0 0 0 0 0 0 0 0 0 0 0 0 0 1 0 0 0 0 0 0 0 0 0 0 0 0 0 0 0 0 0 0 0 0 0 0 0 0 0 0 0]
[342523231691449019334015681606034304357055172767202747756578216716018504241744230682095116311123886046117060218981678823370819373501913404252886085263328 0 0 0 0 0 0 0 0 0 0 0 0 0 0 0 0 0 0 0 0 0 0 0 1 0 0 0 0 0 0 0 0 0 0 0 0 0 0 0 0 0 0 0 0 0 0 0 0 0 0]
[240126058169949466814179943355598143061744265023272050033351981283799281861008460813668929289227211736907161945064680509473470699504806315001267150754656 0 0 0 0 0 0 0 0 0 0 0 0 0 0 0 0 0 0 0 0 0 0 0 0 1 0 0 0 0 0 0 0 0 0 0 0 0 0 0 0 0 0 0 0 0 0 0 0 0 0]
[145703810248043960904096172399351677619306565313194271612084348809202553785181615401889366031265842385283348497600635906770907290795863730964040087580993 0 0 0 0 0 0 0 0 0 0 0 0 0 0 0 0 0 0 0 0 0 0 0 0 0 1 0 0 0 0 0 0 0 0 0 0 0 0 0 0 0 0 0 0 0 0 0 0 0 0]
[583640424797382330084567628513928193345279437178579629748774465447703972570159258441068739261915759123507146863403083644556943618075807932300887670881291 0 0 0 0 0 0 0 0 0 0 0 0 0 0 0 0 0 0 0 0 0 0 0 0 0 0 1 0 0 0 0 0 0 0 0 0 0 0 0 0 0 0 0 0 0 0 0 0 0 0]
[820461191734830229753136639402619885015339119977060632610537644467989056987188415091915283804934282629336991206696698080198183268591777319755059942474174 0 0 0 0 0 0 0 0 0 0 0 0 0 0 0 0 0 0 0 0 0 0 0 0 0 0 0 1 0 0 0 0 0 0 0 0 0 0 0 0 0 0 0 0 0 0 0 0 0 0]
[113249593284779486559589685596146047685724255423183554345106705759974579871680835011529279674966841559049572103396712409917519609610570535561156142394458 0 0 0 0 0 0 0 0 0 0 0 0 0 0 0 0 0 0 0 0 0 0 0 0 0 0 0 0 1 0 0 0 0 0 0 0 0 0 0 0 0 0 0 0 0 0 0 0 0 0]
[1194730864155703971867095211523515806096968977440674365055761451251064581987997739233988645430588559877650509244400483784527042408054541481661249695875103 0 0 0 0 0 0 0 0 0 0 0 0 0 0 0 0 0 0 0 0 0 0 0 0 0 0 0 0 0 1 0 0 0 0 0 0 0 0 0 0 0 0 0 0 0 0 0 0 0 0]
[937651343137803656792137908787128864579360669435375587627851518996636938756020180504072033777104790405200880883952034706706129664741549009681254427251302 0 0 0 0 0 0 0 0 0 0 0 0 0 0 0 0 0 0 0 0 0 0 0 0 0 0 0 0 0 0 1 0 0 0 0 0 0 0 0 0 0 0 0 0 0 0 0 0 0 0]
[156458773590593169851728288976024307195846609154488794400562141941463658596275966275011646260107853299242439182120115781694687966594082318585472707086818 0 0 0 0 0 0 0 0 0 0 0 0 0 0 0 0 0 0 0 0 0 0 0 0 0 0 0 0 0 0 0 1 0 0 0 0 0 0 0 0 0 0 0 0 0 0 0 0 0 0]
[19294215276066901794298765511378735449757032860189867144428518576581195606458696903525510224836702053701273588628243274086025973042272771875976564123477 0 0 0 0 0 0 0 0 0 0 0 0 0 0 0 0 0 0 0 0 0 0 0 0 0 0 0 0 0 0 0 0 1 0 0 0 0 0 0 0 0 0 0 0 0 0 0 0 0 0]
[279297988040676156042758242604388632349260544568461418349172424279449263691635460390438281889684067893825156774102801021817040689089527042198829446169392 0 0 0 0 0 0 0 0 0 0 0 0 0 0 0 0 0 0 0 0 0 0 0 0 0 0 0 0 0 0 0 0 0 1 0 0 0 0 0 0 0 0 0 0 0 0 0 0 0 0]
[34840346532216093089420434873760292630732041876986983056662484637827588829398647561244544671437511784253948115861130935867209891542704673175510371116216 0 0 0 0 0 0 0 0 0 0 0 0 0 0 0 0 0 0 0 0 0 0 0 0 0 0 0 0 0 0 0 0 0 0 1 0 0 0 0 0 0 0 0 0 0 0 0 0 0 0]
[939548336097002635409655123511245419218749340449384184539023453270418191430268704432348674705122438455160321545902910228978332867742263206363884713952241 0 0 0 0 0 0 0 0 0 0 0 0 0 0 0 0 0 0 0 0 0 0 0 0 0 0 0 0 0 0 0 0 0 0 0 1 0 0 0 0 0 0 0 0 0 0 0 0 0 0]
[1131599617193744852278997296938734350700456459906917351140756369865845824578976914016320981776876408400260590661155951127704079443621387465837138620629289 0 0 0 0 0 0 0 0 0 0 0 0 0 0 0 0 0 0 0 0 0 0 0 0 0 0 0 0 0 0 0 0 0 0 0 0 1 0 0 0 0 0 0 0 0 0 0 0 0 0]
[159843722646214534850054625274733869600011648535505852774573531957980864031184718115465902370984063803759142747478011364642781772679678599869375346906393 0 0 0 0 0 0 0 0 0 0 0 0 0 0 0 0 0 0 0 0 0 0 0 0 0 0 0 0 0 0 0 0 0 0 0 0 0 1 0 0 0 0 0 0 0 0 0 0 0 0]
[890615591152487546920927137185334152469919186742494302031187766743529379425711344785952579120214420412717604390314880566513263805221407270410404785636124 0 0 0 0 0 0 0 0 0 0 0 0 0 0 0 0 0 0 0 0 0 0 0 0 0 0 0 0 0 0 0 0 0 0 0 0 0 0 1 0 0 0 0 0 0 0 0 0 0 0]
[1053274586607374064171999479514403409594075896098019997982192739722995157757055504968866557657365376837273515073299566629684495512570420718592648645849530 0 0 0 0 0 0 0 0 0 0 0 0 0 0 0 0 0 0 0 0 0 0 0 0 0 0 0 0 0 0 0 0 0 0 0 0 0 0 0 1 0 0 0 0 0 0 0 0 0 0]
[47540786315290566331676364648450019206995437194023598764347736010091228756037184495102825724935681467095815641618952271023761826427697332309143345199668 0 0 0 0 0 0 0 0 0 0 0 0 0 0 0 0 0 0 0 0 0 0 0 0 0 0 0 0 0 0 0 0 0 0 0 0 0 0 0 0 1 0 0 0 0 0 0 0 0 0]
[374437473917902621832619893681566501792383457022111944887505724269571588685961327391327874183084172942290353612885812097883589405838618798521242574493125 0 0 0 0 0 0 0 0 0 0 0 0 0 0 0 0 0 0 0 0 0 0 0 0 0 0 0 0 0 0 0 0 0 0 0 0 0 0 0 0 0 1 0 0 0 0 0 0 0 0]
[947021661120757295130796594742067549887155175796729902846520211400478053801193779458939211733103896688664381026828007066805686826323909081249558516347120 0 0 0 0 0 0 0 0 0 0 0 0 0 0 0 0 0 0 0 0 0 0 0 0 0 0 0 0 0 0 0 0 0 0 0 0 0 0 0 0 0 0 1 0 0 0 0 0 0 0]
[50418125279007657741145480363149012832863460764085794477143645605450960004989552285915413987904432821264102197239290439833887670353500354482688567509419 0 0 0 0 0 0 0 0 0 0 0 0 0 0 0 0 0 0 0 0 0 0 0 0 0 0 0 0 0 0 0 0 0 0 0 0 0 0 0 0 0 0 0 1 0 0 0 0 0 0]
[441987540371381956042898804500933531928133564300580816882562776439970091688435848617552031252315500482476994755878732638603352188816967837694813967182945 0 0 0 0 0 0 0 0 0 0 0 0 0 0 0 0 0 0 0 0 0 0 0 0 0 0 0 0 0 0 0 0 0 0 0 0 0 0 0 0 0 0 0 0 1 0 0 0 0 0]
[455452214979586515575637257595003718178612270884417629352280722693804901851731920798819632610702664439684731025880173446863089403178558868338374597277269 0 0 0 0 0 0 0 0 0 0 0 0 0 0 0 0 0 0 0 0 0 0 0 0 0 0 0 0 0 0 0 0 0 0 0 0 0 0 0 0 0 0 0 0 0 1 0 0 0 0]
[53090314862985601891778270417865925270465876028274679290984614333566519424215650476189643195553097686992901964569571946305163594144489806653788917179021 0 0 0 0 0 0 0 0 0 0 0 0 0 0 0 0 0 0 0 0 0 0 0 0 0 0 0 0 0 0 0 0 0 0 0 0 0 0 0 0 0 0 0 0 0 0 1 0 0 0]
[918315862501873759030806022755070753177565005184167600258446340325920716209091926898532300842779137614757506580680807322008453906263404489668104757351948 0 0 0 0 0 0 0 0 0 0 0 0 0 0 0 0 0 0 0 0 0 0 0 0 0 0 0 0 0 0 0 0 0 0 0 0 0 0 0 0 0 0 0 0 0 0 0 1 0 0]
[707273450501110459426640332800505361082549864231724919809444931734397894126446918373844747956454078463535634216766224222130403677309668385509979809374399 0 0 0 0 0 0 0 0 0 0 0 0 0 0 0 0 0 0 0 0 0 0 0 0 0 0 0 0 0 0 0 0 0 0 0 0 0 0 0 0 0 0 0 0 0 0 0 0 1 0]
[1236130715673096722344415347964348852384238926919987924488130507246848136295629157170804666152993772301617834792853579871318045984768203635367605295621616 0 0 0 0 0 0 0 0 0 0 0 0 0 0 0 0 0 0 0 0 0 0 0 0 0 0 0 0 0 0 0 0 0 0 0 0 0 0 0 0 0 0 0 0 0 0 0 0 0 1]]
