[[1432707571784557562774771462058286768935299896270052403266633917548327018497122997863121715860409250393594950971500337803680140697167343728506145529158424058622941898933 0 0 0 0 0 0 0 0 0 0 0 0 0 0 0 0 0 0 0 0 0 0 0 0 0 0 0 0 0 0 0 0 0 0 0 0 0 0 0 0 0 0 0 0 0 0 0 0 0 0 0 0 0 0 0]
[62605453142820425992029521772660381627307686077124536410742167761347761083019478317089133707452899294127003612732103933104357900522167723594437075178705857707689631994 1 0 0 0 0 0 0 0 0 0 0 0 0 0 0 0 0 0 0 0 0 0 0 0 0 0 0 0 0 0 0 0 0 0 0 0 0 0 0 0 0 0 0 0 0 0 0 0 0 0 0 0 0 0 0]
[1062617761690385080208890071951780469861637673586295825012421263957293201432853769017165467721418994218600334200052803242328187207935626024122090639726159897532573451328 0 1 0 0 0 0 0 0 0 0 0 0 0 0 0 0 0 0 0 0 0 0 0 0 0 0 0 0 0 0 0 0 0 0 0 0 0 0 0 0 0 0 0 0 0 0 0 0 0 0 0 0 0 0 0]
[1216204362989514422795637933314941835558150082478085468656226923968456868963341515490707842678584223737622683848124052578666167909449141382196592920608953193078800145097 0 0 1 0 0 0 0 0 0 0 0 0 0 0 0 0 0 0 0 0 0 0 0 0 0 0 0 0 0 0 0 0 0 0 0 0 0 0 0 0 0 0 0 0 0 0 0 0 0 0 0 0 0 0 0]
[1057015173710896712932811391960350484611228208937506920739795345091373127304406344081496969409233842417590191537363101148093560132309361725188063362819235039148282432487 0 0 0 1 0 0 0 0 0 0 0 0 0 0 0 0 0 0 0 0 0 0 0 0 0 0 0 0 0 0 0 0 0 0 0 0 0 0 0 0 0 0 0 0 0 0 0 0 0 0 0 0 0 0 0]
[260293255952752118787917448295199162952476902324053220429651463286233134534947991057811093904104874145317166807253872164469870452298414169968608609763021873849944522940 0 0 0 0 1 0 0 0 0 0 0 0 0 0 0 0 0 0 0 0 0 0 0 0 0 0 0 0 0 0 0 0 0 0 0 0 0 0 0 0 0 0 0 0 0 0 0 0 0 0 0 0 0 0 0]
[449859064773289383281475069902393699951155658285523617300968972806720755636273187544686849626413276012106979233442917048451048826575905628340482976423306021099809455363 0 0 0 0 0 1 0 0 0 0 0 0 0 0 0 0 0 0 0 0 0 0 0 0 0 0 0 0 0 0 0 0 0 0 0 0 0 0 0 0 0 0 0 0 0 0 0 0 0 0 0 0 0 0 0]
[1154060709898429897617730282086625711596725107717764586549063523534544791030101792734874282019775780268766727676979207069627508420234850912373526457099557400617178648822 0 0 0 0 0 0 1 0 0 0 0 0 0 0 0 0 0 0 0 0 0 0 0 0 0 0 0 0 0 0 0 0 0 0 0 0 0 0 0 0 0 0 0 0 0 0 0 0 0 0 0 0 0 0 0]
[267995664549547414845116758398737399736302714210567521825039325801141061694935367562094718687619782530647194600072998216016966131191714186828671676023600402901238566559 0 0 0 0 0 0 0 1 0 0 0 0 0 0 0 0 0 0 0 0 0 0 0 0 0 0 0 0 0 0 0 0 0 0 0 0 0 0 0 0 0 0 0 0 0 0 0 0 0 0 0 0 0 0 0]
[150074142160978370182542282357434400531751053899838879969322632334204296984671475763450873990650998657364411502762452753270440241286223300165575636884147059923486865522 0 0 0 0 0 0 0 0 1 0 0 0 0 0 0 0 0 0 0 0 0 0 0 0 0 0 0 0 0 0 0 0 0 0 0 0 0 0 0 0 0 0 0 0 0 0 0 0 0 0 0 0 0 0 0]
[428935826411685299839805197813096412395370335850642352035105626945682603091368953084953939207042809103448227156846499551810880218022097518563080274294116399399024996871 0 0 0 0 0 0 0 0 0 1 0 0 0 0 0 0 0 0 0 0 0 0 0 0 0 0 0 0 0 0 0 0 0 0 0 0 0 0 0 0 0 0 0 0 0 0 0 0 0 0 0 0 0 0 0]
[117110625655211000393712265701130795259204186658889988620743120149067609807401945128304942437699281898659555217445273685570438747333660222669408842074038500843625757015 0 0 0 0 0 0 0 0 0 0 1 0 0 0 0 0 0 0 0 0 0 0 0 0 0 0 0 0 0 0 0 0 0 0 0 0 0 0 0 0 0 0 0 0 0 0 0 0 0 0 0 0 0 0 0]
[1347104100006158066315105371126788865000255562420938128973141041530390773071759999608987343359131082614983061428900958821119681939799252640760448506299741024527942360936 0 0 0 0 0 0 0 0 0 0 0 1 0 0 0 0 0 0 0 0 0 0 0 0 0 0 0 0 0 0 0 0 0 0 0 0 0 0 0 0 0 0 0 0 0 0 0 0 0 0 0 0 0 0 0]
[1225849492529174226182034410311216911391093467398690301211334675986262627541070217633309279421973182335315697554210002693764428952684492324984289025978430738127925255582 0 0 0 0 0 0 0 0 0 0 0 0 1 0 0 0 0 0 0 0 0 0 0 0 0 0 0 0 0 0 0 0 0 0 0 0 0 0 0 0 0 0 0 0 0 0 0 0 0 0 0 0 0 0 0]
[1402602907760003546616483607413442177387503212182837736035754744077790997206580132725730629880673129562989104908340677657349682124588263574435119347028115379505754029015 0 0 0 0 0 0 0 0 0 0 0 0 0 1 0 0 0 0 0 0 0 0 0 0 0 0 0 0 0 0 0 0 0 0 0 0 0 0 0 0 0 0 0 0 0 0 0 0 0 0 0 0 0 0 0]
[985467227818513563163109926197329521981471980662089899551211696974163006110688923650585706748865469197971780018318618554577335902440240971354018887288638222435075297574 0 0 0 0 0 0 0 0 0 0 0 0 0 0 1 0 0 0 0 0 0 0 0 0 0 0 0 0 0 0 0 0 0 0 0 0 0 0 0 0 0 0 0 0 0 0 0 0 0 0 0 0 0 0 0]
[1111287947253642729247734614244994681049932825606490759731740686863317068917305733560822884367163122007003702313078241237746821205163736058371470602770441835367568766617 0 0 0 0 0 0 0 0 0 0 0 0 0 0 0 1 0 0 0 0 0 0 0 0 0 0 0 0 0 0 0 0 0 0 0 0 0 0 0 0 0 0 0 0 0 0 0 0 0 0 0 0 0 0 0]
[1231591624509349748870056436680001691954606460469238858963836721434205566620767205138690268143400600980126113696004060196191215245968847181744762473081891074539273856100 0 0 0 0 0 0 0 0 0 0 0 0 0 0 0 0 1 0 0 0 0 0 0 0 0 0 0 0 0 0 0 0 0 0 0 0 0 0 0 0 0 0 0 0 0 0 0 0 0 0 0 0 0 0 0]
[297370588062672287050501876412144297594120187068870553116680375993022230507354239423159205929207067456930099015674041418214259995400268170823569744825794802866068802918 0 0 0 0 0 0 0 0 0 0 0 0 0 0 0 0 0 1 0 0 0 0 0 0 0 0 0 0 0 0 0 0 0 0 0 0 0 0 0 0 0 0 0 0 0 0 0 0 0 0 0 0 0 0 0]
[59157513124765560831005304735764019107637635917996507307560264257877059856664476422580094332669245926143006577931404151364457107789663254912905920497204457384158999806 0 0 0 0 0 0 0 0 0 0 0 0 0 0 0 0 0 0 1 0 0 0 0 0 0 0 0 0 0 0 0 0 0 0 0 0 0 0 0 0 0 0 0 0 0 0 0 0 0 0 0 0 0 0 0]
[845396470481638667438603273089614169448405182188140254523270710029506402417900428292870653232352145762470464356982355596506277756753522801818323166408969474905341002366 0 0 0 0 0 0 0 0 0 0 0 0 0 0 0 0 0 0 0 1 0 0 0 0 0 0 0 0 0 0 0 0 0 0 0 0 0 0 0 0 0 0 0 0 0 0 0 0 0 0 0 0 0 0 0]
[129773755237996969157628616667822914548228058816312061227681142496144014026145307095263132731136512523513364289126365959686046308905991116411981543577222850440071618938 0 0 0 0 0 0 0 0 0 0 0 0 0 0 0 0 0 0 0 0 1 0 0 0 0 0 0 0 0 0 0 0 0 0 0 0 0 0 0 0 0 0 0 0 0 0 0 0 0 0 0 0 0 0 0]
[753291225554318888761140335318490456921806625342588144481358785417030042097795470377905423067077996748653488019632687692610991644056185722797396612994380302843782053955 0 0 0 0 0 0 0 0 0 0 0 0 0 0 0 0 0 0 0 0 0 1 0 0 0 0 0 0 0 0 0 0 0 0 0 0 0 0 0 0 0 0 0 0 0 0 0 0 0 0 0 0 0 0 0]
[760183513044991795900330372525167849859702838415405900109515441664028016961635285464195406117438653721924357641939576239749161647325232459643928477188900831470715826608 0 0 0 0 0 0 0 0 0 0 0 0 0 0 0 0 0 0 0 0 0 0 1 0 0 0 0 0 0 0 0 0 0 0 0 0 0 0 0 0 0 0 0 0 0 0 0 0 0 0 0 0 0 0 0]
[449583689528944114375420117606262185941123293193466234429671521067809674577681729987995380424148621648793079107853571977787554514560611555363484763155182762075271145930 0 0 0 0 0 0 0 0 0 0 0 0 0 0 0 0 0 0 0 0 0 0 0 1 0 0 0 0 0 0 0 0 0 0 0 0 0 0 0 0 0 0 0 0 0 0 0 0 0 0 0 0 0 0 0]
[699651737068526873949881264621557979076805331738239771296772341634788095930044167648479574388757339252493291883222109984261709091556987663218911120337382900511415961283 0 0 0 0 0 0 0 0 0 0 0 0 0 0 0 0 0 0 0 0 0 0 0 0 1 0 0 0 0 0 0 0 0 0 0 0 0 0 0 0 0 0 0 0 0 0 0 0 0 0 0 0 0 0 0]
[277813526956202185275983283262730644430914881008575774075961844911042739220866640300857229197784958142054899960861437194409139323430787689789547891455455397488068099083 0 0 0 0 0 0 0 0 0 0 0 0 0 0 0 0 0 0 0 0 0 0 0 0 0 1 0 0 0 0 0 0 0 0 0 0 0 0 0 0 0 0 0 0 0 0 0 0 0 0 0 0 0 0 0]
[310088581487951628832415683046340386804172764975098308178473335093140660839952538541533262896588021438347066501304156460062455103573698286671023886212240253799969762071 0 0 0 0 0 0 0 0 0 0 0 0 0 0 0 0 0 0 0 0 0 0 0 0 0 0 1 0 0 0 0 0 0 0 0 0 0 0 0 0 0 0 0 0 0 0 0 0 0 0 0 0 0 0 0]
[1008351318592514815492129289527483543376436802660834828404898246541995570111722639904101629278267811088038999904997041871362447138332037961680784066663989892262041252192 0 0 0 0 0 0 0 0 0 0 0 0 0 0 0 0 0 0 0 0 0 0 0 0 0 0 0 1 0 0 0 0 0 0 0 0 0 0 0 0 0 0 0 0 0 0 0 0 0 0 0 0 0 0 0]
[994272883124787868594126040701093320413496022551580686654720700907157922805115721671832185717587017288808356194049943744110065724224720234446622918758781899734415829267 0 0 0 0 0 0 0 0 0 0 0 0 0 0 0 0 0 0 0 0 0 0 0 0 0 0 0 0 1 0 0 0 0 0 0 0 0 0 0 0 0 0 0 0 0 0 0 0 0 0 0 0 0 0 0]
[1117343699482313055352312157419171920924635307471363551480827651363003769270945583245524326517188056807223907417412989313818481907316648709615038256981325382750774480248 0 0 0 0 0 0 0 0 0 0 0 0 0 0 0 0 0 0 0 0 0 0 0 0 0 0 0 0 0 1 0 0 0 0 0 0 0 0 0 0 0 0 0 0 0 0 0 0 0 0 0 0 0 0 0]
[1047642122347181663485040242456828109109755795899112557375677025750440556873361925304162772362691530329999908754283715752330890739441550375523792931665598404529834913046 0 0 0 0 0 0 0 0 0 0 0 0 0 0 0 0 0 0 0 0 0 0 0 0 0 0 0 0 0 0 1 0 0 0 0 0 0 0 0 0 0 0 0 0 0 0 0 0 0 0 0 0 0 0 0]
[289615170248870310720656812335204070004503863440213678826462793558095395348046508438898968040160024528337950358057196213835508494450367115477667367863788597965970779773 0 0 0 0 0 0 0 0 0 0 0 0 0 0 0 0 0 0 0 0 0 0 0 0 0 0 0 0 0 0 0 1 0 0 0 0 0 0 0 0 0 0 0 0 0 0 0 0 0 0 0 0 0 0 0]
[1330791769303184687613183180200978139018364365105174897714074024377720524235927810377529413793588148706380659660693922572671312118963894327328897072842653282690481652847 0 0 0 0 0 0 0 0 0 0 0 0 0 0 0 0 0 0 0 0 0 0 0 0 0 0 0 0 0 0 0 0 1 0 0 0 0 0 0 0 0 0 0 0 0 0 0 0 0 0 0 0 0 0 0]
[1341646377602810205121204335805301508000856506190299121054969809006281675045987472086636231677914753536115138080672356144096277732249253153816081564200823564615714700875 0 0 0 0 0 0 0 0 0 0 0 0 0 0 0 0 0 0 0 0 0 0 0 0 0 0 0 0 0 0 0 0 0 1 0 0 0 0 0 0 0 0 0 0 0 0 0 0 0 0 0 0 0 0 0]
[698964578885645704597568648148348004417481020300359713459621168161478833864144339034026420404785428877509812074868964258493808855148666551350329150197280136894037177253 0 0 0 0 0 0 0 0 0 0 0 0 0 0 0 0 0 0 0 0 0 0 0 0 0 0 0 0 0 0 0 0 0 0 1 0 0 0 0 0 0 0 0 0 0 0 0 0 0 0 0 0 0 0 0]
[1027575900938468208358597231469324767992606397500071286109703966519638506488124304865126552073818492283317335247696856653609727284561562723535903592265037813279294336610 0 0 0 0 0 0 0 0 0 0 0 0 0 0 0 0 0 0 0 0 0 0 0 0 0 0 0 0 0 0 0 0 0 0 0 1 0 0 0 0 0 0 0 0 0 0 0 0 0 0 0 0 0 0 0]
[2457639028924549783497583007909010595985350512703291303254661232718475637735146747812527600748971719588894912094882142022315064694061611473054638802535970005521634757 0 0 0 0 0 0 0 0 0 0 0 0 0 0 0 0 0 0 0 0 0 0 0 0 0 0 0 0 0 0 0 0 0 0 0 0 1 0 0 0 0 0 0 0 0 0 0 0 0 0 0 0 0 0 0]
[1072528673670897085415785426604921069088257084108230367907495115659857649654631081355424034695893497550240967066668229255949782552711616530070580794362720759188795643738 0 0 0 0 0 0 0 0 0 0 0 0 0 0 0 0 0 0 0 0 0 0 0 0 0 0 0 0 0 0 0 0 0 0 0 0 0 1 0 0 0 0 0 0 0 0 0 0 0 0 0 0 0 0 0]
[72918444293475900161339624717194365648832736742158596811132539696181455162180922828442928979344244165314622913888183686082786070527011601450632052402310337651925327041 0 0 0 0 0 0 0 0 0 0 0 0 0 0 0 0 0 0 0 0 0 0 0 0 0 0 0 0 0 0 0 0 0 0 0 0 0 0 1 0 0 0 0 0 0 0 0 0 0 0 0 0 0 0 0]
[457424090984615539101651735569050169964576072343551258102571776530116034685868733329186815425285940327090482043662757635052128836967151074531651160161642863874327984580 0 0 0 0 0 0 0 0 0 0 0 0 0 0 0 0 0 0 0 0 0 0 0 0 0 0 0 0 0 0 0 0 0 0 0 0 0 0 0 1 0 0 0 0 0 0 0 0 0 0 0 0 0 0 0]
[645741594080098508318067186022195455379385536286823260284326000610802580911177016479279713445366895530850179928204242349776686265986459198492867894942991938130527574268 0 0 0 0 0 0 0 0 0 0 0 0 0 0 0 0 0 0 0 0 0 0 0 0 0 0 0 0 0 0 0 0 0 0 0 0 0 0 0 0 1 0 0 0 0 0 0 0 0 0 0 0 0 0 0]
[304228915396812404589287194699286643831297336678567730934419260533297686209330964512632919113407648661423634670238409757517092890492637204238659086760326833725215092423 0 0 0 0 0 0 0 0 0 0 0 0 0 0 0 0 0 0 0 0 0 0 0 0 0 0 0 0 0 0 0 0 0 0 0 0 0 0 0 0 0 1 0 0 0 0 0 0 0 0 0 0 0 0 0]
[343860019301440737096369205398176214433699450827179480437339812526882486967578815787475197295445676815723231303609272349043583567925270518839580002494942916825700592759 0 0 0 0 0 0 0 0 0 0 0 0 0 0 0 0 0 0 0 0 0 0 0 0 0 0 0 0 0 0 0 0 0 0 0 0 0 0 0 0 0 0 1 0 0 0 0 0 0 0 0 0 0 0 0]
[427767844366593553127698241258377370730315649147940873524721876228908867838858348553964331066237443936348920657436174637817118531327224441015131748883875150189435998304 0 0 0 0 0 0 0 0 0 0 0 0 0 0 0 0 0 0 0 0 0 0 0 0 0 0 0 0 0 0 0 0 0 0 0 0 0 0 0 0 0 0 0 1 0 0 0 0 0 0 0 0 0 0 0]
[50628968501757823704241557691194169011968865485545432946124255856239058423019918494772889755301131492174078759909251947313346831322673565891101008088234108224958424164 0 0 0 0 0 0 0 0 0 0 0 0 0 0 0 0 0 0 0 0 0 0 0 0 0 0 0 0 0 0 0 0 0 0 0 0 0 0 0 0 0 0 0 0 1 0 0 0 0 0 0 0 0 0 0]
[269806135278476421915653505225993041747697050184907129132480305436766734825672469256341027161062382860541481355715573621433950620130049546524972776114466706537969821401 0 0 0 0 0 0 0 0 0 0 0 0 0 0 0 0 0 0 0 0 0 0 0 0 0 0 0 0 0 0 0 0 0 0 0 0 0 0 0 0 0 0 0 0 0 1 0 0 0 0 0 0 0 0 0]
[827462034915614437910491167800372232994017490418531630436558709823027948992679395182631020908907005358522567707846128378533376808976186890450127450778822963717818003798 0 0 0 0 0 0 0 0 0 0 0 0 0 0 0 0 0 0 0 0 0 0 0 0 0 0 0 0 0 0 0 0 0 0 0 0 0 0 0 0 0 0 0 0 0 0 1 0 0 0 0 0 0 0 0]
[1269358555858174779184219029249433676494261088497309492808141759150854481315094206097545663545823887690398559733066089048725418984849072778005621161975490898971895808372 0 0 0 0 0 0 0 0 0 0 0 0 0 0 0 0 0 0 0 0 0 0 0 0 0 0 0 0 0 0 0 0 0 0 0 0 0 0 0 0 0 0 0 0 0 0 0 1 0 0 0 0 0 0 0]
[1063002647420934993740456308431869671897522253334234019561119096103087714437961984521286827160270409560705422078087702430923661768889687599520546167659883695085373716042 0 0 0 0 0 0 0 0 0 0 0 0 0 0 0 0 0 0 0 0 0 0 0 0 0 0 0 0 0 0 0 0 0 0 0 0 0 0 0 0 0 0 0 0 0 0 0 0 1 0 0 0 0 0 0]
[1098918322427798789039104458657774959652276403656659854203852224772175300642012771492300340487800461933543978176435178635440662442251618445683907494032315881116410100401 0 0 0 0 0 0 0 0 0 0 0 0 0 0 0 0 0 0 0 0 0 0 0 0 0 0 0 0 0 0 0 0 0 0 0 0 0 0 0 0 0 0 0 0 0 0 0 0 0 1 0 0 0 0 0]
[469856780080844576408146601849597377934625283934334845889022555329110324055324052889781930378674814375884075432956184651521958939358335158015652999618852437402472429831 0 0 0 0 0 0 0 0 0 0 0 0 0 0 0 0 0 0 0 0 0 0 0 0 0 0 0 0 0 0 0 0 0 0 0 0 0 0 0 0 0 0 0 0 0 0 0 0 0 0 1 0 0 0 0]
[751737680433596311477866764358450689262768809305216959630787723034710992147694560645217054060809799739132688898573972458137925059807211917646193572132673023910884382915 0 0 0 0 0 0 0 0 0 0 0 0 0 0 0 0 0 0 0 0 0 0 0 0 0 0 0 0 0 0 0 0 0 0 0 0 0 0 0 0 0 0 0 0 0 0 0 0 0 0 0 1 0 0 0]
[1193827561946532684439261233615134248125428885945372545830269525757422965794210609919194345985714983794302023072727647013769819987137492528270513434566708687300649107043 0 0 0 0 0 0 0 0 0 0 0 0 0 0 0 0 0 0 0 0 0 0 0 0 0 0 0 0 0 0 0 0 0 0 0 0 0 0 0 0 0 0 0 0 0 0 0 0 0 0 0 0 1 0 0]
[209784188584169623952598110963503192435264351112624376616893682504865943274342535648943833488557687444578337405734661946032850321762375612447281247780817376143327379598 0 0 0 0 0 0 0 0 0 0 0 0 0 0 0 0 0 0 0 0 0 0 0 0 0 0 0 0 0 0 0 0 0 0 0 0 0 0 0 0 0 0 0 0 0 0 0 0 0 0 0 0 0 1 0]
[1018044022737420069400802790781774455683414003828159328263741649934978648963147959382628041426990005996860877475266018826812188048433253387729795483136709089249026469123 0 0 0 0 0 0 0 0 0 0 0 0 0 0 0 0 0 0 0 0 0 0 0 0 0 0 0 0 0 0 0 0 0 0 0 0 0 0 0 0 0 0 0 0 0 0 0 0 0 0 0 0 0 0 1]]
