[[1570020023820526632822904189237360524027587551371637953634379248488441011285374635909276743077683825955774496519289126656528947850428418068756317554509392301 0 0 0 0 0 0 0 0 0 0 0 0 0 0 0 0 0 0 0 0 0 0 0 0 0 0 0 0 0 0 0 0 0 0 0 0 0 0 0 0 0 0 0 0 0 0 0 0 0 0 0]
[87442889542095923316450711497343745623249596474026140374919881232614575657724617707352303775173938192765199547306013299438328657457811666885672231809263717 1 0 0 0 0 0 0 0 0 0 0 0 0 0 0 0 0 0 0 0 0 0 0 0 0 0 0 0 0 0 0 0 0 0 0 0 0 0 0 0 0 0 0 0 0 0 0 0 0 0 0]
[1485867905972227237102598874690441664802554413269385428459772727661328928093229866239749037256004095708354304476516885186210767795567049038564289599382317396 0 1 0 0 0 0 0 0 0 0 0 0 0 0 0 0 0 0 0 0 0 0 0 0 0 0 0 0 0 0 0 0 0 0 0 0 0 0 0 0 0 0 0 0 0 0 0 0 0 0 0]
[392971147983408980395807954653311371062232452377420043212938849051133661787545411171869479344565551985129387567625368024396328654586513651302402603822027756 0 0 1 0 0 0 0 0 0 0 0 0 0 0 0 0 0 0 0 0 0 0 0 0 0 0 0 0 0 0 0 0 0 0 0 0 0 0 0 0 0 0 0 0 0 0 0 0 0 0 0]
[259238050486292349294262248287146002058190668276115083476000453568241893134192999907859335032494794998727459344356216466583136032555595950007057850132856063 0 0 0 1 0 0 0 0 0 0 0 0 0 0 0 0 0 0 0 0 0 0 0 0 0 0 0 0 0 0 0 0 0 0 0 0 0 0 0 0 0 0 0 0 0 0 0 0 0 0 0]
[771993473922269135838727730750177272002777093855384603225114055408784580784869285828326279712699433547948862878265244173587502034136647492084762643189851893 0 0 0 0 1 0 0 0 0 0 0 0 0 0 0 0 0 0 0 0 0 0 0 0 0 0 0 0 0 0 0 0 0 0 0 0 0 0 0 0 0 0 0 0 0 0 0 0 0 0 0]
[1188786193285814456619521198598120575536799129841956010036821889701399061518446034712537440412422715741641641096113096910263481176319536400993660664104830272 0 0 0 0 0 1 0 0 0 0 0 0 0 0 0 0 0 0 0 0 0 0 0 0 0 0 0 0 0 0 0 0 0 0 0 0 0 0 0 0 0 0 0 0 0 0 0 0 0 0 0]
[1293139912740033823237958003971840848935617219892283897695978397165679585638536201620757118559769297551366391812214877293392003218377027456012091276322964263 0 0 0 0 0 0 1 0 0 0 0 0 0 0 0 0 0 0 0 0 0 0 0 0 0 0 0 0 0 0 0 0 0 0 0 0 0 0 0 0 0 0 0 0 0 0 0 0 0 0 0]
[142483127219653719426043190419490182722645689144570205178090232082186643286240789318742834384940786378658257739560587230983670206598112279433390099592264392 0 0 0 0 0 0 0 1 0 0 0 0 0 0 0 0 0 0 0 0 0 0 0 0 0 0 0 0 0 0 0 0 0 0 0 0 0 0 0 0 0 0 0 0 0 0 0 0 0 0 0]
[1537008192509526182267827630990543649653770128414226603511859672816491902265746450930217533282792550163772867557178594756985362524031089784071540500510801456 0 0 0 0 0 0 0 0 1 0 0 0 0 0 0 0 0 0 0 0 0 0 0 0 0 0 0 0 0 0 0 0 0 0 0 0 0 0 0 0 0 0 0 0 0 0 0 0 0 0 0]
[327062386384791416673448216661636228535054776647345329743420630407417557783768236307515599037327891475799372857370319189745571009033635892934990305971126457 0 0 0 0 0 0 0 0 0 1 0 0 0 0 0 0 0 0 0 0 0 0 0 0 0 0 0 0 0 0 0 0 0 0 0 0 0 0 0 0 0 0 0 0 0 0 0 0 0 0 0]
[994511384577741380295525633189103721078584776571764390361111271122093831787095067685867346382754913962296499629750626132807939237004026020643160899320478152 0 0 0 0 0 0 0 0 0 0 1 0 0 0 0 0 0 0 0 0 0 0 0 0 0 0 0 0 0 0 0 0 0 0 0 0 0 0 0 0 0 0 0 0 0 0 0 0 0 0 0]
[1295700552091976678715491886279234590999250495618895449067238804244565980614713614397620856073206956530516762022251832151582660380980270560121904607690210494 0 0 0 0 0 0 0 0 0 0 0 1 0 0 0 0 0 0 0 0 0 0 0 0 0 0 0 0 0 0 0 0 0 0 0 0 0 0 0 0 0 0 0 0 0 0 0 0 0 0 0]
[134430081607243460957203300242045144148482945881564472101233512713642647731629092583941586627029448278273444979492146264885966381874856641835515265996753586 0 0 0 0 0 0 0 0 0 0 0 0 1 0 0 0 0 0 0 0 0 0 0 0 0 0 0 0 0 0 0 0 0 0 0 0 0 0 0 0 0 0 0 0 0 0 0 0 0 0 0]
[856625394610598111786198829592182562528272384714341329806671818425967846876077372085758325058151436960569411654722205138261668057961235523652678639505526439 0 0 0 0 0 0 0 0 0 0 0 0 0 1 0 0 0 0 0 0 0 0 0 0 0 0 0 0 0 0 0 0 0 0 0 0 0 0 0 0 0 0 0 0 0 0 0 0 0 0 0]
[1398768179976032491657204166272199145203086329063788753629011070652683624822509447431124580630291470141035582059236698553622185953054139790717177255606397572 0 0 0 0 0 0 0 0 0 0 0 0 0 0 1 0 0 0 0 0 0 0 0 0 0 0 0 0 0 0 0 0 0 0 0 0 0 0 0 0 0 0 0 0 0 0 0 0 0 0 0]
[1298821137257802477220600975238521975030010182184998516176468282927307089889849849044574428963286939653736770195915207593784885162178894890152424279547960674 0 0 0 0 0 0 0 0 0 0 0 0 0 0 0 1 0 0 0 0 0 0 0 0 0 0 0 0 0 0 0 0 0 0 0 0 0 0 0 0 0 0 0 0 0 0 0 0 0 0 0]
[461720872930431400361237068871739162755141639982890823501431435183499430034767973119597551774051386865151344078334127004773950633994445413383066801596505502 0 0 0 0 0 0 0 0 0 0 0 0 0 0 0 0 1 0 0 0 0 0 0 0 0 0 0 0 0 0 0 0 0 0 0 0 0 0 0 0 0 0 0 0 0 0 0 0 0 0 0]
[401526856868033240576818604349782304125799111148189701873860551179027712052963184744321038297915934822084270864912248811113372705233160209392639999154836263 0 0 0 0 0 0 0 0 0 0 0 0 0 0 0 0 0 1 0 0 0 0 0 0 0 0 0 0 0 0 0 0 0 0 0 0 0 0 0 0 0 0 0 0 0 0 0 0 0 0 0]
[464645743530254085790586011325720280567258786423580178614900585815825013332320065866706424603142256240479869640277203292787211788689802558766813776439493374 0 0 0 0 0 0 0 0 0 0 0 0 0 0 0 0 0 0 1 0 0 0 0 0 0 0 0 0 0 0 0 0 0 0 0 0 0 0 0 0 0 0 0 0 0 0 0 0 0 0 0]
[463711929571311404080508134664739864390533389463892990473728535451448536135134570314043031789294083349100845521340124622228989071992444348095950525456946833 0 0 0 0 0 0 0 0 0 0 0 0 0 0 0 0 0 0 0 1 0 0 0 0 0 0 0 0 0 0 0 0 0 0 0 0 0 0 0 0 0 0 0 0 0 0 0 0 0 0 0]
[1457460287759483430607223570545352321403808997111636647718911632727735632520339586289498194630749833554321682779604203976803104654026803394437192125451545683 0 0 0 0 0 0 0 0 0 0 0 0 0 0 0 0 0 0 0 0 1 0 0 0 0 0 0 0 0 0 0 0 0 0 0 0 0 0 0 0 0 0 0 0 0 0 0 0 0 0 0]
[779154379031446223642846548660023122142468006863195061582550589584085641458792030059383345234273726418703396989546281268246979246099520886216768852720889096 0 0 0 0 0 0 0 0 0 0 0 0 0 0 0 0 0 0 0 0 0 1 0 0 0 0 0 0 0 0 0 0 0 0 0 0 0 0 0 0 0 0 0 0 0 0 0 0 0 0 0]
[401370010389166365832973497837617510644111969536323664801237426953327565848904907163704719988071477824145442559064867873605164807279926083563777328842906468 0 0 0 0 0 0 0 0 0 0 0 0 0 0 0 0 0 0 0 0 0 0 1 0 0 0 0 0 0 0 0 0 0 0 0 0 0 0 0 0 0 0 0 0 0 0 0 0 0 0 0]
[258973851065373370442653583280124891018013954880499881826718632297496489189311367918925771173476289843578482142671830688204113172358502723457791839613051461 0 0 0 0 0 0 0 0 0 0 0 0 0 0 0 0 0 0 0 0 0 0 0 1 0 0 0 0 0 0 0 0 0 0 0 0 0 0 0 0 0 0 0 0 0 0 0 0 0 0 0]
[902179845408497510227354539997374153187586090957286230239635750189566049376127937833924716162410237528577853735522455834161874651833972166083476662621544442 0 0 0 0 0 0 0 0 0 0 0 0 0 0 0 0 0 0 0 0 0 0 0 0 1 0 0 0 0 0 0 0 0 0 0 0 0 0 0 0 0 0 0 0 0 0 0 0 0 0 0]
[809152638158512204334075465533239759499373626673046589989158635570668553137683716992097904582063046456258059272970040737863738846485111640882093686435520587 0 0 0 0 0 0 0 0 0 0 0 0 0 0 0 0 0 0 0 0 0 0 0 0 0 1 0 0 0 0 0 0 0 0 0 0 0 0 0 0 0 0 0 0 0 0 0 0 0 0 0]
[1134228010063546623317012493291983369260718603161060862865502175589836980992551797751466625872173971215213049141261666452086310646866456262123381747039815479 0 0 0 0 0 0 0 0 0 0 0 0 0 0 0 0 0 0 0 0 0 0 0 0 0 0 1 0 0 0 0 0 0 0 0 0 0 0 0 0 0 0 0 0 0 0 0 0 0 0 0]
[53531311259794920994997820147221597046583926270645520664922461313524455062110773499328022462816859526862198872359121526506923249673131453317671763165942450 0 0 0 0 0 0 0 0 0 0 0 0 0 0 0 0 0 0 0 0 0 0 0 0 0 0 0 1 0 0 0 0 0 0 0 0 0 0 0 0 0 0 0 0 0 0 0 0 0 0 0]
[897623876489518711763030993912407358836445528903871660516502640070242264231186768879204851657158873967014153780217204196858341120164870798375606751359483321 0 0 0 0 0 0 0 0 0 0 0 0 0 0 0 0 0 0 0 0 0 0 0 0 0 0 0 0 1 0 0 0 0 0 0 0 0 0 0 0 0 0 0 0 0 0 0 0 0 0 0]
[878451545469410059488912817325838519492960205513825038290926626545059343251678335441336435459221401725433993873159901011430352794882005137806405277049262944 0 0 0 0 0 0 0 0 0 0 0 0 0 0 0 0 0 0 0 0 0 0 0 0 0 0 0 0 0 1 0 0 0 0 0 0 0 0 0 0 0 0 0 0 0 0 0 0 0 0 0]
[441227579711434875065674673971720614926057571988729999466777750624039988475934574476986042695570194152550343191888032815718332682952819829422039992226818730 0 0 0 0 0 0 0 0 0 0 0 0 0 0 0 0 0 0 0 0 0 0 0 0 0 0 0 0 0 0 1 0 0 0 0 0 0 0 0 0 0 0 0 0 0 0 0 0 0 0 0]
[318455707500824512081436665911271406122587669753085377397061091219586724581830583388873068902458473547841403259064296489711507314823963830733977260160685376 0 0 0 0 0 0 0 0 0 0 0 0 0 0 0 0 0 0 0 0 0 0 0 0 0 0 0 0 0 0 0 1 0 0 0 0 0 0 0 0 0 0 0 0 0 0 0 0 0 0 0]
[117748586183778192231119336710882919408397542501841506044767337412760539148370274073253379170363923409252628232773814380203684128397177213621030741930451819 0 0 0 0 0 0 0 0 0 0 0 0 0 0 0 0 0 0 0 0 0 0 0 0 0 0 0 0 0 0 0 0 1 0 0 0 0 0 0 0 0 0 0 0 0 0 0 0 0 0 0]
[142940724108728548015301250012485372447920588705932336616771784807676299557413343271997804734747389890051425651932897189147876343167376684813799329717785581 0 0 0 0 0 0 0 0 0 0 0 0 0 0 0 0 0 0 0 0 0 0 0 0 0 0 0 0 0 0 0 0 0 1 0 0 0 0 0 0 0 0 0 0 0 0 0 0 0 0 0]
[679650254161502235568695371603651353213983482345971884572495532789975321440425247709534083371831102993333884311148906592548714510430203749571625783383652104 0 0 0 0 0 0 0 0 0 0 0 0 0 0 0 0 0 0 0 0 0 0 0 0 0 0 0 0 0 0 0 0 0 0 1 0 0 0 0 0 0 0 0 0 0 0 0 0 0 0 0]
[1052459588808403798234062444977023124657646930635692365623551626558947799761671816908982843095047125962600287895006427625703750519550959805172452816409498067 0 0 0 0 0 0 0 0 0 0 0 0 0 0 0 0 0 0 0 0 0 0 0 0 0 0 0 0 0 0 0 0 0 0 0 1 0 0 0 0 0 0 0 0 0 0 0 0 0 0 0]
[1493918442017843032454543208857995832049474871405274065437414290428141590534840525750012205682711228309646182466330464312095954994115202835087329233092491032 0 0 0 0 0 0 0 0 0 0 0 0 0 0 0 0 0 0 0 0 0 0 0 0 0 0 0 0 0 0 0 0 0 0 0 0 1 0 0 0 0 0 0 0 0 0 0 0 0 0 0]
[679520975881850235510277932055263450737272853125519461186177158462140308003965772840141897090044221121877552369390327785766755063814206658918457537661675493 0 0 0 0 0 0 0 0 0 0 0 0 0 0 0 0 0 0 0 0 0 0 0 0 0 0 0 0 0 0 0 0 0 0 0 0 0 1 0 0 0 0 0 0 0 0 0 0 0 0 0]
[485218663312908758070485331943102619172276747618972605345655261752480321891989840860585072225998481584521294740365572559082151723410487297340534572895050086 0 0 0 0 0 0 0 0 0 0 0 0 0 0 0 0 0 0 0 0 0 0 0 0 0 0 0 0 0 0 0 0 0 0 0 0 0 0 1 0 0 0 0 0 0 0 0 0 0 0 0]
[256541819033804933701105182754024691171460645981273646324030733373776377088096200953350176436755280573785639897639371768597418352603692345485805660078095062 0 0 0 0 0 0 0 0 0 0 0 0 0 0 0 0 0 0 0 0 0 0 0 0 0 0 0 0 0 0 0 0 0 0 0 0 0 0 0 1 0 0 0 0 0 0 0 0 0 0 0]
[140209496741518680170817445685251677788751353733750570313162174184047858097097460259236325581486626198469673205545210484083594879754399116377522847733867548 0 0 0 0 0 0 0 0 0 0 0 0 0 0 0 0 0 0 0 0 0 0 0 0 0 0 0 0 0 0 0 0 0 0 0 0 0 0 0 0 1 0 0 0 0 0 0 0 0 0 0]
[1081857443822490430648417476899232733422465041236412803389864720790286195194202582054886863153688151704206221119053082485544178183829122804040218760456467459 0 0 0 0 0 0 0 0 0 0 0 0 0 0 0 0 0 0 0 0 0 0 0 0 0 0 0 0 0 0 0 0 0 0 0 0 0 0 0 0 0 1 0 0 0 0 0 0 0 0 0]
[95318986714206711385587930169706497278765029180567569139602031887265364077144205735564205856127118238849325994824234619848222440581257633625099764011973891 0 0 0 0 0 0 0 0 0 0 0 0 0 0 0 0 0 0 0 0 0 0 0 0 0 0 0 0 0 0 0 0 0 0 0 0 0 0 0 0 0 0 1 0 0 0 0 0 0 0 0]
[569879377808875667298227738788396910437080042812370742152015709094185062506881783698574760497818331358293449788567276113555563781334156920055739226103773748 0 0 0 0 0 0 0 0 0 0 0 0 0 0 0 0 0 0 0 0 0 0 0 0 0 0 0 0 0 0 0 0 0 0 0 0 0 0 0 0 0 0 0 1 0 0 0 0 0 0 0]
[1007971861239472561117038653976856544915520686769153145158621556878099787152250661069387809545715313220566172378654483680575023025435060486026371113332246562 0 0 0 0 0 0 0 0 0 0 0 0 0 0 0 0 0 0 0 0 0 0 0 0 0 0 0 0 0 0 0 0 0 0 0 0 0 0 0 0 0 0 0 0 1 0 0 0 0 0 0]
[578229806406395486097985777513192759932947426975140409785382163616054382738004742895951208793340544758869216706289337963950302018310705401139685651425452937 0 0 0 0 0 0 0 0 0 0 0 0 0 0 0 0 0 0 0 0 0 0 0 0 0 0 0 0 0 0 0 0 0 0 0 0 0 0 0 0 0 0 0 0 0 1 0 0 0 0 0]
[1417688152203470083367895110005429621485167849112848710056266464034424309588171124546480979807092230118778906193753950066221210063614639714948024213872154974 0 0 0 0 0 0 0 0 0 0 0 0 0 0 0 0 0 0 0 0 0 0 0 0 0 0 0 0 0 0 0 0 0 0 0 0 0 0 0 0 0 0 0 0 0 0 1 0 0 0 0]
[878132200124351027685347248625363726443653660848817255878449248654098761779685823430150167880105661462532854391176691754577088983031862775432545074383217374 0 0 0 0 0 0 0 0 0 0 0 0 0 0 0 0 0 0 0 0 0 0 0 0 0 0 0 0 0 0 0 0 0 0 0 0 0 0 0 0 0 0 0 0 0 0 0 1 0 0 0]
[1531853583794958791455381572772737487844128840259708209448037278995929037367792634262350070832928442890930253558451769629960475158671582107522546069544036292 0 0 0 0 0 0 0 0 0 0 0 0 0 0 0 0 0 0 0 0 0 0 0 0 0 0 0 0 0 0 0 0 0 0 0 0 0 0 0 0 0 0 0 0 0 0 0 0 1 0 0]
[480765909572381091006270344640980716693399369301092435354499018054441676572209558335289431790056025091377927627039029888314172297492691337594287764102467465 0 0 0 0 0 0 0 0 0 0 0 0 0 0 0 0 0 0 0 0 0 0 0 0 0 0 0 0 0 0 0 0 0 0 0 0 0 0 0 0 0 0 0 0 0 0 0 0 0 1 0]
[1231861958373087514826823218851228397368783244428642253636594555639760660499632971643854541696794756689340463819409754483789303034954494600623406584312232980 0 0 0 0 0 0 0 0 0 0 0 0 0 0 0 0 0 0 0 0 0 0 0 0 0 0 0 0 0 0 0 0 0 0 0 0 0 0 0 0 0 0 0 0 0 0 0 0 0 0 1]]
