[[1480429509415490458611054639730087091630764097239955899700916651669906803656632801295126508583589059737454791807626323729122198851026743249818720827437972159506603 0 0 0 0 0 0 0 0 0 0 0 0 0 0 0 0 0 0 0 0 0 0 0 0 0 0 0 0 0 0 0 0 0 0 0 0 0 0 0 0 0 0 0 0 0 0 0 0 0 0 0 0 0]
[811732917588879983280129453536653572114297814337508489171981488735851807821375631941124365738871280584663599342945826315913694242788289972988760826586644872784212 1 0 0 0 0 0 0 0 0 0 0 0 0 0 0 0 0 0 0 0 0 0 0 0 0 0 0 0 0 0 0 0 0 0 0 0 0 0 0 0 0 0 0 0 0 0 0 0 0 0 0 0 0]
[1304620864290669706692715733169378027287340893848186853948414021039765605422469331971043018778985475466212262627781547291032872605734804159874282508987564858479596 0 1 0 0 0 0 0 0 0 0 0 0 0 0 0 0 0 0 0 0 0 0 0 0 0 0 0 0 0 0 0 0 0 0 0 0 0 0 0 0 0 0 0 0 0 0 0 0 0 0 0 0 0]
[528062805847692410050330794905186067946323147142416793948286137287247902924186880104436593737846266590952307212704074269220510546535235876751535128802366452923647 0 0 1 0 0 0 0 0 0 0 0 0 0 0 0 0 0 0 0 0 0 0 0 0 0 0 0 0 0 0 0 0 0 0 0 0 0 0 0 0 0 0 0 0 0 0 0 0 0 0 0 0 0]
[554640382744311501538669768314312144818251710493347180110276551683086573901398556186515003853611768105185459103659726320138935327442140444323457557036211453683445 0 0 0 1 0 0 0 0 0 0 0 0 0 0 0 0 0 0 0 0 0 0 0 0 0 0 0 0 0 0 0 0 0 0 0 0 0 0 0 0 0 0 0 0 0 0 0 0 0 0 0 0 0]
[1203647351322853870800523178028933759263729244585056439217597681901646101003272940000995829692457208274214967695777783837893731151399493779057880818111613765633344 0 0 0 0 1 0 0 0 0 0 0 0 0 0 0 0 0 0 0 0 0 0 0 0 0 0 0 0 0 0 0 0 0 0 0 0 0 0 0 0 0 0 0 0 0 0 0 0 0 0 0 0 0]
[1178913589707122738216810007886648873222180868016730160155437089214708053194015305335365155526832134859213578810584994408166363757158556768892231612609338432848679 0 0 0 0 0 1 0 0 0 0 0 0 0 0 0 0 0 0 0 0 0 0 0 0 0 0 0 0 0 0 0 0 0 0 0 0 0 0 0 0 0 0 0 0 0 0 0 0 0 0 0 0 0]
[1287060461388034843286531061160563589616377338763657045861344948662552017012319626485091658091528515089814732192112311191393121147773080996600346275606388312521416 0 0 0 0 0 0 1 0 0 0 0 0 0 0 0 0 0 0 0 0 0 0 0 0 0 0 0 0 0 0 0 0 0 0 0 0 0 0 0 0 0 0 0 0 0 0 0 0 0 0 0 0 0]
[935953198588644936024100859199987452831077414668141781222501705732624163273726240134879803545046492909070975840215600974019496670734891035978986519272345739198000 0 0 0 0 0 0 0 1 0 0 0 0 0 0 0 0 0 0 0 0 0 0 0 0 0 0 0 0 0 0 0 0 0 0 0 0 0 0 0 0 0 0 0 0 0 0 0 0 0 0 0 0 0]
[989229683283112473287309796922243816682884383317202207623538368200320754845730966777188366214285796245591084539430184104970033179809176911154482416289495158079673 0 0 0 0 0 0 0 0 1 0 0 0 0 0 0 0 0 0 0 0 0 0 0 0 0 0 0 0 0 0 0 0 0 0 0 0 0 0 0 0 0 0 0 0 0 0 0 0 0 0 0 0 0]
[229530652876096611519086385168518882368037599921543095606551292716734147588119965439824559372592611891496097440107335849740834318200762777382292709595549592648136 0 0 0 0 0 0 0 0 0 1 0 0 0 0 0 0 0 0 0 0 0 0 0 0 0 0 0 0 0 0 0 0 0 0 0 0 0 0 0 0 0 0 0 0 0 0 0 0 0 0 0 0 0]
[236541628675672510925810071325833845322043931387533493386954094651960506036313649301601435159127812807809229518378278177217263923166617376120423414731559214496958 0 0 0 0 0 0 0 0 0 0 1 0 0 0 0 0 0 0 0 0 0 0 0 0 0 0 0 0 0 0 0 0 0 0 0 0 0 0 0 0 0 0 0 0 0 0 0 0 0 0 0 0 0]
[1232516203526421471385883899521572202363524466423625149725268162390873915104637995711255125665405170011904523965138539965418202294417507679931901735944500030409394 0 0 0 0 0 0 0 0 0 0 0 1 0 0 0 0 0 0 0 0 0 0 0 0 0 0 0 0 0 0 0 0 0 0 0 0 0 0 0 0 0 0 0 0 0 0 0 0 0 0 0 0 0]
[275895358386628782390805633838711015236316815626319122918540944480620610122802823398164727076598751352335755000157422536502561678879669946901920706191480873701031 0 0 0 0 0 0 0 0 0 0 0 0 1 0 0 0 0 0 0 0 0 0 0 0 0 0 0 0 0 0 0 0 0 0 0 0 0 0 0 0 0 0 0 0 0 0 0 0 0 0 0 0 0]
[501169284397802485349588379388311891045338788814794268064063678537853100182627468763082572420738783800334659598060951696636703079798475618753763374831279852871010 0 0 0 0 0 0 0 0 0 0 0 0 0 1 0 0 0 0 0 0 0 0 0 0 0 0 0 0 0 0 0 0 0 0 0 0 0 0 0 0 0 0 0 0 0 0 0 0 0 0 0 0 0]
[1355810014983630218587330706653108217588708083823467533032863447228733804870144151326867057553040221447570580869207925893957779822412108649554390687995258695816849 0 0 0 0 0 0 0 0 0 0 0 0 0 0 1 0 0 0 0 0 0 0 0 0 0 0 0 0 0 0 0 0 0 0 0 0 0 0 0 0 0 0 0 0 0 0 0 0 0 0 0 0 0]
[605142612307013831456592861263721271809637269972552123119900846859821363258844326383588979868488199274558959939068683922127232530321829006970203018681557803440996 0 0 0 0 0 0 0 0 0 0 0 0 0 0 0 1 0 0 0 0 0 0 0 0 0 0 0 0 0 0 0 0 0 0 0 0 0 0 0 0 0 0 0 0 0 0 0 0 0 0 0 0 0]
[410156473371919701971680306121898591722000920968092056274029880862185335232336493699573581696101594863434599267422493107618143462623242463855443356622309269004869 0 0 0 0 0 0 0 0 0 0 0 0 0 0 0 0 1 0 0 0 0 0 0 0 0 0 0 0 0 0 0 0 0 0 0 0 0 0 0 0 0 0 0 0 0 0 0 0 0 0 0 0 0]
[55923260118684387888181536739056796870334324899883358977509887590140420723802531742541235397454536578721328654526586462240739156617343543630347261443158655868922 0 0 0 0 0 0 0 0 0 0 0 0 0 0 0 0 0 1 0 0 0 0 0 0 0 0 0 0 0 0 0 0 0 0 0 0 0 0 0 0 0 0 0 0 0 0 0 0 0 0 0 0 0]
[1014574998334566458075810635299701192044574102764181316896282973029638943529830466837105540989913431197722242979773947032564635677671968211586253675843672413478987 0 0 0 0 0 0 0 0 0 0 0 0 0 0 0 0 0 0 1 0 0 0 0 0 0 0 0 0 0 0 0 0 0 0 0 0 0 0 0 0 0 0 0 0 0 0 0 0 0 0 0 0 0]
[107936347838243640095283743276450037538496591942756352012772014470949885309542338659320756696745922141879245117057394792584121103630191657121363570202949083416375 0 0 0 0 0 0 0 0 0 0 0 0 0 0 0 0 0 0 0 1 0 0 0 0 0 0 0 0 0 0 0 0 0 0 0 0 0 0 0 0 0 0 0 0 0 0 0 0 0 0 0 0 0]
[836805158705912322831784738604243817620306670800794913439886971670260656494262539552409274405372450159481992628197605992130622600112709120596602218302106402656946 0 0 0 0 0 0 0 0 0 0 0 0 0 0 0 0 0 0 0 0 1 0 0 0 0 0 0 0 0 0 0 0 0 0 0 0 0 0 0 0 0 0 0 0 0 0 0 0 0 0 0 0 0]
[456890938292699284404189661664255578679334737564216667046613729260463489584886928563811897368895095792665411666969484464293869330656261252138569115536059545763257 0 0 0 0 0 0 0 0 0 0 0 0 0 0 0 0 0 0 0 0 0 1 0 0 0 0 0 0 0 0 0 0 0 0 0 0 0 0 0 0 0 0 0 0 0 0 0 0 0 0 0 0 0]
[1471126078235004300890869052849066093467662273902765623015840809661299995049128748776278297317593251572503521428188908969553429689913927064690173049819462129446918 0 0 0 0 0 0 0 0 0 0 0 0 0 0 0 0 0 0 0 0 0 0 1 0 0 0 0 0 0 0 0 0 0 0 0 0 0 0 0 0 0 0 0 0 0 0 0 0 0 0 0 0 0]
[1416872367686142132125565699427476517237070246342424759486436192747404384077918642710501388499734765990204435008532818674106173395013199156642717995734193899055786 0 0 0 0 0 0 0 0 0 0 0 0 0 0 0 0 0 0 0 0 0 0 0 1 0 0 0 0 0 0 0 0 0 0 0 0 0 0 0 0 0 0 0 0 0 0 0 0 0 0 0 0 0]
[865146540063036469023358752174767913179125896251052781018557393906384270763003848823097835807199972836769642840206695129229734424330418008622574397460953680618347 0 0 0 0 0 0 0 0 0 0 0 0 0 0 0 0 0 0 0 0 0 0 0 0 1 0 0 0 0 0 0 0 0 0 0 0 0 0 0 0 0 0 0 0 0 0 0 0 0 0 0 0 0]
[1058615441511220334918620701101992349475579113479212725635999780965193032830664548969124102264477145579522521258872371440158243075821647022230866286050964344902637 0 0 0 0 0 0 0 0 0 0 0 0 0 0 0 0 0 0 0 0 0 0 0 0 0 1 0 0 0 0 0 0 0 0 0 0 0 0 0 0 0 0 0 0 0 0 0 0 0 0 0 0 0]
[1194159691820614243862197140298776279368240562184610895157689069074694768900077301316175449265706037487623595885677972327896110849217219487976252088978412035471112 0 0 0 0 0 0 0 0 0 0 0 0 0 0 0 0 0 0 0 0 0 0 0 0 0 0 1 0 0 0 0 0 0 0 0 0 0 0 0 0 0 0 0 0 0 0 0 0 0 0 0 0 0]
[962006337359651931422501884442515096918394242867812882543268154868051838496413690192063926786576690563424358493444456528317752614078811148278679201056516058550739 0 0 0 0 0 0 0 0 0 0 0 0 0 0 0 0 0 0 0 0 0 0 0 0 0 0 0 1 0 0 0 0 0 0 0 0 0 0 0 0 0 0 0 0 0 0 0 0 0 0 0 0 0]
[1441979701619517110913840644993451828856146012011173279739010064870050515987001779213077892771706857802429309039208586484593934163247474014609260025991115307497240 0 0 0 0 0 0 0 0 0 0 0 0 0 0 0 0 0 0 0 0 0 0 0 0 0 0 0 0 1 0 0 0 0 0 0 0 0 0 0 0 0 0 0 0 0 0 0 0 0 0 0 0 0]
[157444813856071415663345405104863808701525235881639835083923205613578895051533245521203745500467550262625412779315982869409178561528565040048044257314261497456613 0 0 0 0 0 0 0 0 0 0 0 0 0 0 0 0 0 0 0 0 0 0 0 0 0 0 0 0 0 1 0 0 0 0 0 0 0 0 0 0 0 0 0 0 0 0 0 0 0 0 0 0 0]
[1337644065682243334226413841640736359150263622403821466172868220226590362252863860854208280645980284035860145925637438698824982614830509898908315910213942913931622 0 0 0 0 0 0 0 0 0 0 0 0 0 0 0 0 0 0 0 0 0 0 0 0 0 0 0 0 0 0 1 0 0 0 0 0 0 0 0 0 0 0 0 0 0 0 0 0 0 0 0 0 0]
[1125191721539273536407209476943201138833246978776437910139384820683304063879247555725494724851263177938984522689560388631460581796953785065309664987766417763731239 0 0 0 0 0 0 0 0 0 0 0 0 0 0 0 0 0 0 0 0 0 0 0 0 0 0 0 0 0 0 0 1 0 0 0 0 0 0 0 0 0 0 0 0 0 0 0 0 0 0 0 0 0]
[251658473831639795712630417686170249551862334778132202579914297728321807993828619726234203743244009381177648273051350190207848322173492129085220824153907392767004 0 0 0 0 0 0 0 0 0 0 0 0 0 0 0 0 0 0 0 0 0 0 0 0 0 0 0 0 0 0 0 0 1 0 0 0 0 0 0 0 0 0 0 0 0 0 0 0 0 0 0 0 0]
[156283349188562250609279856534164126868785069149278691536725396360674070013630382471191217026251662723126087707281724396941095442482733012998911224787213068825603 0 0 0 0 0 0 0 0 0 0 0 0 0 0 0 0 0 0 0 0 0 0 0 0 0 0 0 0 0 0 0 0 0 1 0 0 0 0 0 0 0 0 0 0 0 0 0 0 0 0 0 0 0]
[924648867552034091808912277294599118061690914441356595206899349389434237195723810842814814443369981318868932539967965386901238180353274132109432935250288298769667 0 0 0 0 0 0 0 0 0 0 0 0 0 0 0 0 0 0 0 0 0 0 0 0 0 0 0 0 0 0 0 0 0 0 1 0 0 0 0 0 0 0 0 0 0 0 0 0 0 0 0 0 0]
[394793367114074140931847667707709941973771343832459270638665396937604886276465857025339072869290583911436924837496004842776489804930485590657099279254180261820980 0 0 0 0 0 0 0 0 0 0 0 0 0 0 0 0 0 0 0 0 0 0 0 0 0 0 0 0 0 0 0 0 0 0 0 1 0 0 0 0 0 0 0 0 0 0 0 0 0 0 0 0 0]
[1319117786008108944744834464359661019295298494558239076867069351693015241160730282598444558181881750897678341853191645656962704517866569506637235550514374683845513 0 0 0 0 0 0 0 0 0 0 0 0 0 0 0 0 0 0 0 0 0 0 0 0 0 0 0 0 0 0 0 0 0 0 0 0 1 0 0 0 0 0 0 0 0 0 0 0 0 0 0 0 0]
[433044867485096292858142888627562682013107685412664068857779251582941673133604677837106823093275517965669180370025741370433286187711189010463556657177261128653150 0 0 0 0 0 0 0 0 0 0 0 0 0 0 0 0 0 0 0 0 0 0 0 0 0 0 0 0 0 0 0 0 0 0 0 0 0 1 0 0 0 0 0 0 0 0 0 0 0 0 0 0 0]
[667906217876362698612905487168273467393043199104628641145233154863111688970049177035048778468593604941261274177454977648770010558030414104124306084607895532528350 0 0 0 0 0 0 0 0 0 0 0 0 0 0 0 0 0 0 0 0 0 0 0 0 0 0 0 0 0 0 0 0 0 0 0 0 0 0 1 0 0 0 0 0 0 0 0 0 0 0 0 0 0]
[590453632681889861455033945632650353576208063090923112505558225244543671122576674672254312589594734220464014769913521067919319624840853873014060841631469806618947 0 0 0 0 0 0 0 0 0 0 0 0 0 0 0 0 0 0 0 0 0 0 0 0 0 0 0 0 0 0 0 0 0 0 0 0 0 0 0 1 0 0 0 0 0 0 0 0 0 0 0 0 0]
[624865957009528931466610942411449790729480087916723458032403671159700799014846920467345450160528975585727854991883099814407624765187272624450211761018278016868003 0 0 0 0 0 0 0 0 0 0 0 0 0 0 0 0 0 0 0 0 0 0 0 0 0 0 0 0 0 0 0 0 0 0 0 0 0 0 0 0 1 0 0 0 0 0 0 0 0 0 0 0 0]
[780057976010358631284952310801185753911823082604785587867898092056539550117416356989864318207834242970379840306111274902153940573841431122861421649958827981578414 0 0 0 0 0 0 0 0 0 0 0 0 0 0 0 0 0 0 0 0 0 0 0 0 0 0 0 0 0 0 0 0 0 0 0 0 0 0 0 0 0 1 0 0 0 0 0 0 0 0 0 0 0]
[1236410936507808139204069753766343803567540039528090073307744899541726345117051019672885251840552702369535602511034382820205650782189252933575187121823613942235266 0 0 0 0 0 0 0 0 0 0 0 0 0 0 0 0 0 0 0 0 0 0 0 0 0 0 0 0 0 0 0 0 0 0 0 0 0 0 0 0 0 0 1 0 0 0 0 0 0 0 0 0 0]
[1131353645627559707507251065643037245058504167337374981633577532611833940243959344207092160757475604923903545027818532533968013443684767594033805225565781053516237 0 0 0 0 0 0 0 0 0 0 0 0 0 0 0 0 0 0 0 0 0 0 0 0 0 0 0 0 0 0 0 0 0 0 0 0 0 0 0 0 0 0 0 1 0 0 0 0 0 0 0 0 0]
[229850088652019723150029787921244754980839252266891163304720674049622581720229025497583275226575998103816487327015843516304475812364885635402239930754706724741491 0 0 0 0 0 0 0 0 0 0 0 0 0 0 0 0 0 0 0 0 0 0 0 0 0 0 0 0 0 0 0 0 0 0 0 0 0 0 0 0 0 0 0 0 1 0 0 0 0 0 0 0 0]
[652803654198800328893112246803052509080372867821057336220580565251555390188088509677795373959951684148270263546974119023401482865157383805864932779096211941000270 0 0 0 0 0 0 0 0 0 0 0 0 0 0 0 0 0 0 0 0 0 0 0 0 0 0 0 0 0 0 0 0 0 0 0 0 0 0 0 0 0 0 0 0 0 1 0 0 0 0 0 0 0]
[1415258518788939863916323526712848779752503030534610089811662543159761186930056851558985365181863007617730841573291425143936233152184920429064455495760183880245647 0 0 0 0 0 0 0 0 0 0 0 0 0 0 0 0 0 0 0 0 0 0 0 0 0 0 0 0 0 0 0 0 0 0 0 0 0 0 0 0 0 0 0 0 0 0 1 0 0 0 0 0 0]
[1459893026122230767725883629350610508491802555713334133122974444153654614587611033022162341121011810411729842081294989134777655204742503052956913672056148840910406 0 0 0 0 0 0 0 0 0 0 0 0 0 0 0 0 0 0 0 0 0 0 0 0 0 0 0 0 0 0 0 0 0 0 0 0 0 0 0 0 0 0 0 0 0 0 0 1 0 0 0 0 0]
[1398943227290321925402258232195608166420068906428588040902907678662569736659504358012040233249100351253993753249324649992030381439564974206359564674490534078874183 0 0 0 0 0 0 0 0 0 0 0 0 0 0 0 0 0 0 0 0 0 0 0 0 0 0 0 0 0 0 0 0 0 0 0 0 0 0 0 0 0 0 0 0 0 0 0 0 1 0 0 0 0]
[367280950646438305850196573478049679592113883737790762758087083990688892311164434925948995713419607587342858257919798713510631569921759167219778728634987190384412 0 0 0 0 0 0 0 0 0 0 0 0 0 0 0 0 0 0 0 0 0 0 0 0 0 0 0 0 0 0 0 0 0 0 0 0 0 0 0 0 0 0 0 0 0 0 0 0 0 1 0 0 0]
[1174630527174197560190194473124453599487924363345426808199613255565764584657212010022392652123334990646947647260220794446575182261955164599200720150147990923891433 0 0 0 0 0 0 0 0 0 0 0 0 0 0 0 0 0 0 0 0 0 0 0 0 0 0 0 0 0 0 0 0 0 0 0 0 0 0 0 0 0 0 0 0 0 0 0 0 0 0 1 0 0]
[1020771860049858732705399291878950735404171966597327899085138904275540187471284550086819631102593203495336576782815002383332361043684814857294565728800765454596359 0 0 0 0 0 0 0 0 0 0 0 0 0 0 0 0 0 0 0 0 0 0 0 0 0 0 0 0 0 0 0 0 0 0 0 0 0 0 0 0 0 0 0 0 0 0 0 0 0 0 0 1 0]
[1201926795358309239202644198158825912514230347513528116909618524245344522025984142435804945423010212650497211662029446168774090053454184471782809197653409942164518 0 0 0 0 0 0 0 0 0 0 0 0 0 0 0 0 0 0 0 0 0 0 0 0 0 0 0 0 0 0 0 0 0 0 0 0 0 0 0 0 0 0 0 0 0 0 0 0 0 0 0 0 1]]
