Inner loop Statistics for dim = 60
                                       lvl = 0
 |   0  |          0 |             0 ||      0 |             0 |||
 |   1  |          0 |             0 ||      0 |             0 |||
 |   2  |          0 |             0 ||      0 |             0 |||
 |   3  |          0 |             0 ||      0 |             0 |||
 |   4  |          0 |             0 ||      0 |             0 |||
 |   5  |          0 |             0 ||      0 |             0 |||
 |   6  |          0 |             0 ||      0 |             0 |||
 |   7  |          0 |             0 ||      0 |             0 |||
 |   8  |          0 |             0 ||      0 |             0 |||
 |   9  |          0 |             0 ||      1 |   5.02336e-07 |||
 |  10  |          3 |   5.52996e-09 ||      4 |   2.00934e-06 |||
 |  11  |          6 |   1.10599e-08 ||     11 |   5.52569e-06 |||
 |  12  |         37 |   6.82029e-08 ||     38 |   1.90888e-05 |||
 |  13  |        200 |   3.68664e-07 ||    191 |   9.59461e-05 |||
 |  14  |        805 |   1.48387e-06 ||    676 |   0.000339579 |||
 |  15  |       3115 |   5.74195e-06 ||   1805 |   0.000906716 |||
 |  16  |      11223 |   2.06876e-05 ||   4568 |    0.00229467 |||
 |  17  |      35093 |   6.46877e-05 ||  10372 |    0.00521023 |||
 |  18  |      98925 |   0.000182351 ||  20499 |     0.0102974 |||
 |  19  |     253792 |    0.00046782 ||  37216 |     0.0186949 |||
 |  20  |     590161 |    0.00108786 ||  59707 |      0.029993 |||
 |  21  |    1268386 |    0.00233804 ||  87184 |     0.0437956 |||
 |  22  |    2496634 |     0.0046021 || 113811 |     0.0571713 |||
 |  23  |    4556984 |    0.00839998 || 135358 |     0.0679952 |||
 |  24  |    7736217 |     0.0142603 || 145743 |     0.0732119 |||
 |  25  |   12248454 |     0.0225778 || 142492 |     0.0715788 |||
 |  26  |   18153301 |     0.0334624 || 126896 |     0.0637444 |||
 |  27  |   25252627 |     0.0465487 || 102478 |     0.0514784 |||
 |  28  |   33132812 |     0.0610744 ||   1164 |   0.000584719 |||
 |  29  |   40660392 |     0.0749502 ||   1378 |   0.000692219 |||
 |  30  |   47029740 |     0.0866909 ||   1555 |   0.000781132 |||
 |  31  |   51315861 |     0.0945916 ||   1705 |   0.000856483 |||
 |  32  |   52847223 |     0.0974144 ||   1892 |   0.000950419 |||
 |  33  |   51326107 |     0.0946105 ||   1716 |   0.000862008 |||
 |  34  |   47024545 |     0.0866813 ||   1558 |   0.000782639 |||
 |  35  |   40652002 |     0.0749347 ||   1425 |   0.000715829 |||
 |  36  |   33123313 |     0.0610569 ||   1121 |   0.000563118 |||
 |  37  |   25244879 |     0.0465344 || 102555 |     0.0515171 |||
 |  38  |   18143553 |     0.0334444 || 126555 |     0.0635731 |||
 |  39  |   12245687 |     0.0225727 || 142434 |     0.0715497 |||
 |  40  |    7736991 |     0.0142618 || 146616 |     0.0736505 |||
 |  41  |    4557294 |    0.00840056 || 135275 |     0.0679535 |||
 |  42  |    2493883 |    0.00459703 || 113603 |     0.0570669 |||
 |  43  |    1266144 |    0.00233391 ||  86077 |     0.0432396 |||
 |  44  |     590385 |    0.00108827 ||  59677 |     0.0299779 |||
 |  45  |     253242 |   0.000466806 ||  37131 |     0.0186522 |||
 |  46  |      99067 |   0.000182612 ||  20473 |     0.0102843 |||
 |  47  |      34875 |   6.42858e-05 ||  10451 |    0.00524991 |||
 |  48  |      10958 |   2.01991e-05 ||   4611 |    0.00231627 |||
 |  49  |       3128 |   5.76591e-06 ||   1816 |   0.000912242 |||
 |  50  |        818 |   1.50784e-06 ||    607 |   0.000304918 |||
 |  51  |        174 |   3.20738e-07 ||    191 |   9.59461e-05 |||
 |  52  |         44 |   8.11061e-08 ||     57 |   2.86331e-05 |||
 |  53  |          6 |   1.10599e-08 ||      6 |   3.01402e-06 |||
 |  54  |          0 |             0 ||      1 |   5.02336e-07 |||
 |  55  |          0 |             0 ||      0 |             0 |||
 |  56  |          0 |             0 ||      0 |             0 |||
 |  57  |          0 |             0 ||      0 |             0 |||
 |  58  |          0 |             0 ||      0 |             0 |||
 |  59  |          0 |             0 ||      0 |             0 |||
 |  60  |          0 |             0 ||      0 |             0 |||
 |  61  |          0 |             0 ||      0 |             0 |||
 |  62  |          0 |             0 ||      0 |             0 |||
 |  63  |          0 |             0 ||      0 |             0 |||
 |  64  |          0 |             0 ||      0 |             0 |||
