Inner loop Statistics for dim = 60
                                       lvl = 0
 |   0  |          0 |             0 ||      0 |             0 |||
 |   1  |          0 |             0 ||      0 |             0 |||
 |   2  |          0 |             0 ||      0 |             0 |||
 |   3  |          0 |             0 ||      0 |             0 |||
 |   4  |          0 |             0 ||      0 |             0 |||
 |   5  |          0 |             0 ||      0 |             0 |||
 |   6  |          0 |             0 ||      0 |             0 |||
 |   7  |          0 |             0 ||      0 |             0 |||
 |   8  |          0 |             0 ||      0 |             0 |||
 |   9  |          1 |    2.2252e-09 ||      0 |             0 |||
 |  10  |          0 |             0 ||      2 |   1.02322e-06 |||
 |  11  |          4 |   8.90079e-09 ||      8 |   4.09286e-06 |||
 |  12  |         27 |   6.00803e-08 ||     41 |   2.09759e-05 |||
 |  13  |        142 |   3.15978e-07 ||    181 |   9.26011e-05 |||
 |  14  |        637 |   1.41745e-06 ||    520 |   0.000266036 |||
 |  15  |       2641 |   5.87675e-06 ||   1406 |   0.000719321 |||
 |  16  |       9233 |   2.05453e-05 ||   3887 |    0.00198862 |||
 |  17  |      28736 |   6.39433e-05 ||   8474 |    0.00433537 |||
 |  18  |      82463 |   0.000183496 ||  16935 |    0.00866408 |||
 |  19  |     210142 |   0.000467607 ||  30719 |     0.0157161 |||
 |  20  |     491125 |    0.00109285 ||  49665 |      0.025409 |||
 |  21  |    1049969 |    0.00233639 ||  72257 |     0.0369673 |||
 |  22  |    2072145 |    0.00461093 ||  94882 |     0.0485424 |||
 |  23  |    3778584 |     0.0084081 || 112782 |     0.0577002 |||
 |  24  |    6416303 |     0.0142775 || 120655 |     0.0617281 |||
 |  25  |   10165971 |     0.0226213 || 118065 |      0.060403 |||
 |  26  |   15060683 |      0.033513 || 104457 |     0.0534411 |||
 |  27  |   20937317 |     0.0465897 ||  84243 |     0.0430994 |||
 |  28  |   27354683 |     0.0608696 ||  62506 |     0.0319786 |||
 |  29  |   33634014 |     0.0748423 ||  42809 |     0.0219014 |||
 |  30  |   38958362 |     0.0866901 ||  27668 |     0.0141552 |||
 |  31  |   42543711 |     0.0946682 ||  18405 |    0.00941615 |||
 |  32  |   43800340 |     0.0974644 ||  15536 |    0.00794834 |||
 |  33  |   42546126 |     0.0946735 ||  18686 |    0.00955991 |||
 |  34  |   38952130 |     0.0866762 ||  27881 |     0.0142641 |||
 |  35  |   33630692 |     0.0748349 ||  42630 |     0.0218099 |||
 |  36  |   27366655 |     0.0608962 ||  62576 |     0.0320144 |||
 |  37  |   20933712 |     0.0465816 ||  84621 |     0.0432928 |||
 |  38  |   15060788 |     0.0335132 || 104519 |     0.0534728 |||
 |  39  |   10162958 |     0.0226146 || 116858 |     0.0597855 |||
 |  40  |    6415978 |     0.0142768 || 120771 |     0.0617874 |||
 |  41  |    3782130 |    0.00841599 || 111587 |     0.0570888 |||
 |  42  |    2072072 |    0.00461077 ||  94384 |     0.0482876 |||
 |  43  |    1052847 |    0.00234279 ||  72238 |     0.0369575 |||
 |  44  |     491816 |    0.00109439 ||  49467 |     0.0253077 |||
 |  45  |     210137 |   0.000467596 ||  30613 |     0.0156619 |||
 |  46  |      81928 |   0.000182306 ||  16994 |    0.00869427 |||
 |  47  |      28606 |    6.3654e-05 ||   8628 |    0.00441416 |||
 |  48  |       9039 |   2.01136e-05 ||   3747 |      0.001917 |||
 |  49  |       2594 |   5.77216e-06 ||   1565 |   0.000800667 |||
 |  50  |        646 |   1.43748e-06 ||    536 |   0.000274222 |||
 |  51  |        135 |   3.00402e-07 ||    168 |   8.59502e-05 |||
 |  52  |         33 |   7.34315e-08 ||     40 |   2.04643e-05 |||
 |  53  |          3 |   6.67559e-09 ||      9 |   4.60447e-06 |||
 |  54  |          0 |             0 ||      0 |             0 |||
 |  55  |          0 |             0 ||      0 |             0 |||
 |  56  |          0 |             0 ||      0 |             0 |||
 |  57  |          0 |             0 ||      0 |             0 |||
 |  58  |          0 |             0 ||      0 |             0 |||
 |  59  |          0 |             0 ||      0 |             0 |||
 |  60  |          0 |             0 ||      0 |             0 |||
 |  61  |          0 |             0 ||      0 |             0 |||
 |  62  |          0 |             0 ||      0 |             0 |||
 |  63  |          0 |             0 ||      0 |             0 |||
 |  64  |          0 |             0 ||      0 |             0 |||
