L1:128 kB, L2: 512 kB L3: 3072kB
------------2 bases----------

45 1.22809 1697
46 0.911776 1412
47 1.76881 2232
48 1.79908 2418
49 2.31353 2638
50 5.7131 3758
51 7.32247 4172
52 5.075 3776
53 5.22354 4071
54 20.511 6532
55 30.9986 7679
56 64.0012 8783
57 39.5275 10053
58 53.8895 11718


49 2.265 2877
50 4.2602 3552
51 4.56666 4096
52 4.66186 4512
53 4.66708 4607
54 13.8976 6501
55 15.4796 7387
56 34.8768 8859
57 31.3756 10243
58 40.9914 11499
59 108.981 13696


------------3 bases------------

dim: approx_sc_prod: exact_sc_prod  time: list_size: 
50 71926808 2763057   1.42293   3143
51 213069734 4796369   2.48697   4083
52 366415204 4579479   2.33888   4354
53 536913892 4928403   2.7004   4643
54 1004489613 13729521   6.21989   6316
55 1525277280 11627627   5.63055   5903
56 2375424525 25743901   12.8722   8357
57 3161050527 17956362   10.6099   9481
58 4300822327 26570055   14.7325   9586
59 6057473351 50974635   30.6038  13016
60 9159768547 81959370   52.4685  15254

--------------New list, 3 bases

50 2583564986339453102 10600107   2.61929   3017
51 2583564986534286098 18052857   3.99192   4001
52 2583564986735987563 17756359   4.00692   4326
53 2583564986946972829 16558472   4.88083   4523
54 2583564987461144502 46290303   10.7034   5969
55 2583564988044926055 37934182   7.75078   4968
56 2583564988986611125 89972766   19.8253   7907
57 2583564989943219536 73811199   16.924   8849
58 2583564991832760993 162561447   46.2793  10825
59 2583564994877092612 248605915   77.8654  12461
60 2583564998538175481 301831030   108.507  14609



------------4 bases------------

45 1.00722 1520
46 1.10035 1674
47 1.0979 1731
48 2.65224 2697
49 3.66132 3166
50 4.27655 2715
51 5.83865 4180
52 5.59611 4707
53 4.98925 4229
54 13.0882 6510
55 12.6937 5599
56 25.3159 8711
57 27.7565 10105
58 49.9474 11744
59 95.5444 13570


------------4 bases------------

my bloody mac:

45 11.6792 1227
46 14.8731 1532
47 20.6048 2065
48 31.4656 2500
49 32.1065 2564
50 47.7258 2703
51 78.2866 4072
52 106.097 4760
53 105.048 4454
54 229.213 6522
55 214.506 5752
