
L1:128 kB, L2: 512 kB L3: 3072kB
------------2 bases----------

45 1.22809 1697
46 0.911776 1412
47 1.76881 2232
48 1.79908 2418
49 2.31353 2638
50 5.7131 3758
51 7.32247 4172
52 5.075 3776
53 5.22354 4071
54 20.511 6532
55 30.9986 7679
56 64.0012 8783
57 39.5275 10053
58 53.8895 11718


49 2.265 2877
50 4.2602 3552
51 4.56666 4096
52 4.66186 4512
53 4.66708 4607
54 13.8976 6501
55 15.4796 7387
56 34.8768 8859
57 31.3756 10243
58 40.9914 11499
59 108.981 13696


------------4 bases------------

45 1.00722 1520
46 1.10035 1674
47 1.0979 1731
48 2.65224 2697
49 3.66132 3166
50 4.27655 2715
51 5.83865 4180
52 5.59611 4707
53 4.98925 4229
54 13.0882 6510
55 12.6937 5599
56 25.3159 8711
57 27.7565 10105
58 49.9474 11744
59 95.5444 13570




