Statistics for dim = 60
                                       lvl = 0
 |   0  |          0 |             0 ||    106 |   0.000416513 |||
 |   1  |          0 |             0 ||     20 |   7.85873e-05 |||
 |   2  |          0 |             0 ||      2 |   7.85873e-06 |||
 |   3  |          0 |             0 ||      0 |             0 |||
 |   4  |          0 |             0 ||      0 |             0 |||
 |   5  |          0 |             0 ||      0 |             0 |||
 |   6  |          0 |             0 ||      0 |             0 |||
 |   7  |          0 |             0 ||      0 |             0 |||
 |   8  |          0 |             0 ||      0 |             0 |||
 |   9  |          0 |             0 ||      1 |   3.92937e-06 |||
 |  10  |          7 |   8.98634e-09 ||      6 |   2.35762e-05 |||
 |  11  |         50 |   6.41881e-08 ||     18 |   7.07286e-05 |||
 |  12  |        212 |   2.72158e-07 ||     70 |   0.000275056 |||
 |  13  |        839 |   1.07708e-06 ||    208 |   0.000817308 |||
 |  14  |       3095 |   3.97324e-06 ||    500 |    0.00196468 |||
 |  15  |      10176 |   1.30636e-05 ||    921 |    0.00361895 |||
 |  16  |      29568 |   3.79583e-05 ||   1915 |    0.00752474 |||
 |  17  |      80796 |   0.000103723 ||   3352 |     0.0131712 |||
 |  18  |     203160 |   0.000260809 ||   5424 |     0.0213129 |||
 |  19  |     472766 |   0.000606919 ||   7828 |     0.0307591 |||
 |  20  |    1026305 |    0.00131753 ||  10289 |     0.0404292 |||
 |  21  |    2068827 |    0.00265588 ||  12435 |     0.0488617 |||
 |  22  |    3903163 |    0.00501073 ||  13890 |     0.0545789 |||
 |  23  |    6905129 |    0.00886455 ||  14279 |     0.0561074 |||
 |  24  |   11475968 |     0.0147324 ||  13565 |     0.0533018 |||
 |  25  |   17894045 |     0.0229717 ||  11993 |     0.0471249 |||
 |  26  |   26265402 |     0.0337185 ||  10036 |     0.0394351 |||
 |  27  |   36279705 |     0.0465745 ||   7398 |     0.0290694 |||
 |  28  |   47202880 |     0.0605973 ||   5203 |     0.0204445 |||
 |  29  |   57913521 |     0.0743472 ||   3507 |     0.0137803 |||
 |  30  |   66997425 |     0.0860088 ||   2288 |    0.00899039 |||
 |  31  |   73099724 |     0.0938427 ||   1517 |    0.00596085 |||
 |  32  |   75262909 |     0.0966197 ||   1300 |    0.00510818 |||
 |  33  |   73094414 |     0.0938359 ||   1423 |    0.00559149 |||
 |  34  |   66989341 |     0.0859984 ||   2170 |    0.00852672 |||
 |  35  |   57926414 |     0.0743638 ||   3596 |       0.01413 |||
 |  36  |   47217562 |     0.0606161 ||   5323 |      0.020916 |||
 |  37  |   36290346 |     0.0465882 ||   7457 |     0.0293013 |||
 |  38  |   26262568 |     0.0337149 ||   9841 |     0.0386689 |||
 |  39  |   17898987 |      0.022978 ||  11873 |     0.0466534 |||
 |  40  |   11474144 |     0.0147301 ||  13629 |     0.0535533 |||
 |  41  |    6905090 |    0.00886449 ||  14510 |     0.0570151 |||
 |  42  |    3906993 |    0.00501565 ||  13993 |     0.0549836 |||
 |  43  |    2072593 |    0.00266072 ||  12260 |      0.048174 |||
 |  44  |    1024538 |    0.00131526 ||  10288 |     0.0404253 |||
 |  45  |     473342 |   0.000607659 ||   7567 |     0.0297335 |||
 |  46  |     203409 |   0.000261129 ||   5374 |     0.0211164 |||
 |  47  |      80725 |   0.000103632 ||   3349 |     0.0131594 |||
 |  48  |      29932 |   3.84256e-05 ||   1905 |    0.00748544 |||
 |  49  |      10090 |   1.29532e-05 ||    999 |    0.00392544 |||
 |  50  |       3070 |   3.94115e-06 ||    478 |    0.00187824 |||
 |  51  |        816 |   1.04755e-06 ||    176 |   0.000691568 |||
 |  52  |        234 |     3.004e-07 ||     62 |   0.000243621 |||
 |  53  |         39 |   5.00667e-08 ||     25 |   9.82341e-05 |||
 |  54  |          7 |   8.98634e-09 ||      2 |   7.85873e-06 |||
 |  55  |          0 |             0 ||      2 |   7.85873e-06 |||
 |  56  |          0 |             0 ||      0 |             0 |||
 |  57  |          0 |             0 ||      0 |             0 |||
 |  58  |          0 |             0 ||      0 |             0 |||
 |  59  |          0 |             0 ||      0 |             0 |||
 |  60  |          0 |             0 ||      0 |             0 |||
 |  61  |          0 |             0 ||      0 |             0 |||
 |  62  |          0 |             0 ||      0 |             0 |||
 |  63  |          0 |             0 ||      0 |             0 |||
 |  64  |          0 |             0 ||    121 |   0.000475453 |||
