Statistics for dim = 60
                                       lvl = 0
 |   0  |          0 |             0 ||    125 |   0.000491171 |||
 |   1  |          0 |             0 ||      3 |   1.17881e-05 |||
 |   2  |          0 |             0 ||      0 |             0 |||
 |   3  |          0 |             0 ||      1 |   3.92937e-06 |||
 |   4  |          1 |   1.28376e-09 ||      0 |             0 |||
 |   5  |          1 |   1.28376e-09 ||      0 |             0 |||
 |   6  |          5 |   6.41881e-09 ||      0 |             0 |||
 |   7  |         26 |   3.33778e-08 ||      1 |   3.92937e-06 |||
 |   8  |         93 |    1.1939e-07 ||     12 |   4.71524e-05 |||
 |   9  |        309 |   3.96683e-07 ||     18 |   7.07286e-05 |||
 |  10  |       1195 |    1.5341e-06 ||     56 |   0.000220044 |||
 |  11  |       3506 |   4.50087e-06 ||    149 |   0.000585475 |||
 |  12  |       9400 |   1.20674e-05 ||    331 |    0.00130062 |||
 |  13  |      24211 |   3.10812e-05 ||    631 |    0.00247943 |||
 |  14  |      58035 |   7.45032e-05 ||   1121 |    0.00440482 |||
 |  15  |     131066 |   0.000168258 ||   1983 |    0.00779193 |||
 |  16  |     277933 |     0.0003568 ||   3172 |     0.0124639 |||
 |  17  |     554830 |    0.00071227 ||   4463 |     0.0175368 |||
 |  18  |    1050143 |    0.00134813 ||   6173 |      0.024256 |||
 |  19  |    1887115 |    0.00242261 ||   7765 |     0.0305115 |||
 |  20  |    3224242 |    0.00413916 ||   9464 |     0.0371875 |||
 |  21  |    5244889 |    0.00673319 ||  10747 |     0.0422289 |||
 |  22  |    8143361 |     0.0104541 ||  11689 |     0.0459304 |||
 |  23  |   12085067 |     0.0155144 ||  11792 |     0.0463351 |||
 |  24  |   17144567 |     0.0220096 ||  11274 |     0.0442997 |||
 |  25  |   23311288 |     0.0299262 ||  10503 |     0.0412701 |||
 |  26  |   30352970 |      0.038966 ||   9072 |     0.0356472 |||
 |  27  |   37906522 |      0.048663 ||   7678 |     0.0301697 |||
 |  28  |   45431857 |     0.0583237 ||   6213 |     0.0244131 |||
 |  29  |   52260018 |     0.0670894 ||   4779 |     0.0187784 |||
 |  30  |   57775760 |     0.0741704 ||   3655 |     0.0143618 |||
 |  31  |   61340055 |     0.0787461 ||   3168 |     0.0124482 |||
 |  32  |   62562537 |     0.0803154 ||   2840 |     0.0111594 |||
 |  33  |   61336556 |     0.0787416 ||   3154 |     0.0123932 |||
 |  34  |   57767004 |     0.0741591 ||   3826 |     0.0150338 |||
 |  35  |   52272142 |      0.067105 ||   4796 |     0.0188452 |||
 |  36  |   45429132 |     0.0583202 ||   6063 |     0.0238237 |||
 |  37  |   37897897 |     0.0486519 ||   7406 |     0.0291009 |||
 |  38  |   30335751 |     0.0389439 ||   9156 |     0.0359773 |||
 |  39  |   23304215 |     0.0299171 ||  10418 |     0.0409361 |||
 |  40  |   17144672 |     0.0220097 ||  11491 |     0.0451523 |||
 |  41  |   12078865 |     0.0155064 ||  11865 |     0.0466219 |||
 |  42  |    8146711 |     0.0104584 ||  11380 |     0.0447162 |||
 |  43  |    5249351 |    0.00673892 ||  10479 |     0.0411758 |||
 |  44  |    3222731 |    0.00413722 ||   9622 |     0.0378084 |||
 |  45  |    1883146 |    0.00241751 ||   7882 |     0.0309713 |||
 |  46  |    1050332 |    0.00134838 ||   6099 |     0.0239652 |||
 |  47  |     554842 |   0.000712285 ||   4418 |     0.0173599 |||
 |  48  |     277589 |   0.000356358 ||   3060 |     0.0120239 |||
 |  49  |     131474 |   0.000168781 ||   1947 |    0.00765048 |||
 |  50  |      57887 |   7.43132e-05 ||   1204 |    0.00473096 |||
 |  51  |      24397 |     3.132e-05 ||    625 |    0.00245585 |||
 |  52  |       9607 |   1.23331e-05 ||    328 |    0.00128883 |||
 |  53  |       3409 |   4.37635e-06 ||    157 |    0.00061691 |||
 |  54  |       1126 |   1.44552e-06 ||     74 |   0.000290773 |||
 |  55  |        345 |   4.42898e-07 ||     32 |    0.00012574 |||
 |  56  |        114 |   1.46349e-07 ||      8 |   3.14349e-05 |||
 |  57  |         26 |   3.33778e-08 ||      4 |   1.57175e-05 |||
 |  58  |          2 |   2.56752e-09 ||      1 |   3.92937e-06 |||
 |  59  |          1 |   1.28376e-09 ||      0 |             0 |||
 |  60  |          0 |             0 ||      0 |             0 |||
 |  61  |          0 |             0 ||      0 |             0 |||
 |  62  |          0 |             0 ||      0 |             0 |||
 |  63  |          0 |             0 ||      0 |             0 |||
 |  64  |          0 |             0 ||    121 |   0.000475453 |||
